device,time,x,y,z
device,3086.5680696666673,-0.45023653,1.660818,-0.039084043
device,3086.5709939166672,-0.45022818,1.6608207,-0.039084163
device,3086.581503083334,-0.45019603,1.6608334,-0.03907925
device,3086.5920516250007,-0.45016462,1.6608505,-0.03906917
Gesamt_3Arm,3086.592463125001,-0.22421312,1.5222372,-0.71260035
device,3086.602878458334,-0.4501291,1.660875,-0.03905552
device,3086.6123877916675,-0.45009565,1.6609026,-0.039041936
Gesamt_3Arm,3086.6132463750005,-0.22417629,1.522224,-0.7127987
device,3086.622680833334,-0.4500564,1.6609356,-0.03902414
device,3086.631553708334,-0.4500214,1.6609662,-0.039005756
device,3086.641962625001,-0.44997835,1.6610029,-0.038978696
Gesamt_3Arm,3086.6426339166674,-0.22414315,1.5222116,-0.71298265
device,3086.6520755000006,-0.44993585,1.6610363,-0.03894525
device,3086.661725208334,-0.4499033,1.6610558,-0.038891204
device,3086.6721067916674,-0.44986415,1.6610706,-0.03882003
Gesamt_3Arm,3086.672840708334,-0.22406578,1.5221876,-0.7133055
device,3086.6818497500008,-0.4498205,1.6610737,-0.038735
device,3086.6917896250006,-0.44977045,1.6610655,-0.038624823
device,3086.7023726666675,-0.44970903,1.6610457,-0.038474884
Gesamt_3Arm,3086.702959458334,-0.22399497,1.5221653,-0.7136052
device,3086.712451083334,-0.44964382,1.6610228,-0.038304057
device,3086.7215151666674,-0.4495809,1.6609975,-0.03812319
device,3086.731979083334,-0.44951224,1.6609646,-0.0378834
Gesamt_3Arm,3086.7325898750005,-0.22393036,1.5221447,-0.7138835
device,3086.742153458334,-0.4494455,1.660929,-0.03761214
device,3086.7522145416674,-0.44939458,1.6608893,-0.037311018
device,3086.762408833334,-0.44935644,1.6608511,-0.036976933
device,3086.763320041667,-0.44935274,1.6608483,-0.036944807
Gesamt_3Arm,3086.7686453750007,-0.22382426,1.522114,-0.7142037
device,3086.772328958334,-0.44932365,1.6608272,-0.036632717
device,3086.782203458334,-0.44929573,1.660821,-0.036277022
device,3086.7926645416674,-0.4492736,1.6608335,-0.035888076
Gesamt_3Arm,3086.793226458334,-0.22372484,1.5220852,-0.71450245
device,3086.8021846666675,-0.44926268,1.6608604,-0.035530455
device,3086.812079375001,-0.44925612,1.6609033,-0.035158865
device,3086.822256208334,-0.44925785,1.6609659,-0.03477937
Gesamt_3Arm,3086.822812333334,-0.2236538,1.5220656,-0.71468824
device,3086.831435833334,-0.44926968,1.6610276,-0.034440123
device,3086.8411152500007,-0.44929004,1.6610974,-0.034078002
device,3086.851248166667,-0.44931835,1.6611723,-0.033701427
Gesamt_3Arm,3086.852885208334,-0.22358692,1.522047,-0.7148619
device,3086.8613298750006,-0.44934773,1.6612428,-0.03332883
device,3086.8714311250005,-0.4493748,1.6613082,-0.032948077
device,3086.881160541667,-0.449396,1.6613666,-0.032577693
Gesamt_3Arm,3086.882404708334,-0.22352386,1.5220294,-0.7150245
device,3086.891245708334,-0.44941187,1.6614238,-0.03219533
device,3086.9019525416675,-0.44941875,1.6614878,-0.03179803
device,3086.912100833334,-0.4494127,1.6615603,-0.031417787
Gesamt_3Arm,3086.9128146250005,-0.22363114,1.5220516,-0.7146892
device,3086.922005541667,-0.44939184,1.66164,-0.0310601
device,3086.931874208334,-0.44936836,1.6617172,-0.030695438
device,3086.942418041667,-0.4493258,1.6618059,-0.03030926
device,3086.952253416667,-0.4492743,1.6618885,-0.029964626
Gesamt_3Arm,3086.952903958334,-0.2237612,1.5220736,-0.71437293
device,3086.9621469166673,-0.44921073,1.6619684,-0.029629257
device,3086.972780583334,-0.4491307,1.662052,-0.029280668
Gesamt_3Arm,3086.9735244166673,-0.22388315,1.5220938,-0.7140791
device,3086.9825981250005,-0.4490466,1.6621233,-0.028968334
device,3086.992519250001,-0.4489501,1.6621892,-0.028665477
device,3087.002552083334,-0.44883764,1.662253,-0.028372109
Gesamt_3Arm,3087.0032902916673,-0.22399735,1.5221125,-0.71380603
device,3087.0125001250008,-0.44871387,1.6623166,-0.028102841
device,3087.022169958334,-0.44858158,1.6623834,-0.027858675
device,3087.0327056250007,-0.44842315,1.6624618,-0.027608395
Gesamt_3Arm,3087.0333887500005,-0.22413027,1.5221351,-0.7134727
device,3087.041912833334,-0.4482758,1.6625354,-0.027406573
device,3087.052758208334,-0.44808576,1.6626271,-0.027177956
device,3087.0608845000006,-0.44794363,1.6626954,-0.027016813
Gesamt_3Arm,3087.063113333334,-0.22425485,1.522156,-0.7131629
device,3087.0710747916673,-0.44777358,1.6627779,-0.026819408
device,3087.0809129166673,-0.4476142,1.6628547,-0.026634455
device,3087.0914428750007,-0.44745457,1.662939,-0.026443422
Gesamt_3Arm,3087.092835708334,-0.22437167,1.5221752,-0.71287495
device,3087.1010364166673,-0.4473238,1.6630226,-0.026277304
device,3087.1108748750007,-0.44720376,1.6631162,-0.026118577
device,3087.1207330416673,-0.4471022,1.6632167,-0.025970578
device,3087.130953416667,-0.44702375,1.6633263,-0.025831163
Gesamt_3Arm,3087.131525583334,-0.22436619,1.522167,-0.7129184
device,3087.1407149583342,-0.44697428,1.6634377,-0.025709033
device,3087.1524796250005,-0.44695503,1.6635804,-0.025575275
Gesamt_3Arm,3087.153634083334,-0.22436106,1.522159,-0.71295935
device,3087.1606364166673,-0.4469719,1.6636833,-0.025489688
device,3087.1614421250006,-0.4469748,1.6636934,-0.025481516
device,3087.1702098750006,-0.4470241,1.6637992,-0.025398731
device,3087.1804311666674,-0.44712543,1.6639173,-0.025312006
Gesamt_3Arm,3087.182581958334,-0.22430742,1.5221392,-0.71315783
device,3087.190342208334,-0.4472885,1.6640276,-0.025237858
device,3087.200459750001,-0.44750366,1.6641432,-0.025177743
device,3087.2103999166675,-0.44776595,1.6642581,-0.025134742
Gesamt_3Arm,3087.212941500001,-0.22425711,1.5221204,-0.7133432
device,3087.2203060416673,-0.44807875,1.6643693,-0.02511251
device,3087.2302971666672,-0.44844675,1.6644728,-0.025108516
device,3087.2405531666673,-0.44888517,1.6645716,-0.025124397
Gesamt_3Arm,3087.2461146250007,-0.22421026,1.5221027,-0.7135164
device,3087.2507598750008,-0.44937682,1.6646594,-0.025160491
device,3087.260350958334,-0.44989955,1.6647323,-0.02521044
device,3087.2707905416673,-0.45052493,1.6647973,-0.025282145
Gesamt_3Arm,3087.2730679166675,-0.22434485,1.5221322,-0.7131351
device,3087.2806327916674,-0.45117474,1.6648415,-0.025368035
device,3087.290543875001,-0.45188797,1.6648742,-0.025468409
device,3087.300821458334,-0.45269442,1.6648946,-0.025588632
device,3087.3106365416675,-0.45351827,1.6649059,-0.025721252
Gesamt_3Arm,3087.3113686666675,-0.22448444,1.522156,-0.71277684
device,3087.320576083334,-0.4544145,1.6649077,-0.025871694
device,3087.330641583334,-0.45537743,1.6649003,-0.026038613
Gesamt_3Arm,3087.3331842500006,-0.22448397,1.5221406,-0.7128932
device,3087.3403775000006,-0.4563818,1.664886,-0.026216924
device,3087.350374333334,-0.45746252,1.6648681,-0.026413348
device,3087.360859708334,-0.45867106,1.6648508,-0.026639547
Gesamt_3Arm,3087.362638208334,-0.22455561,1.5221411,-0.7128204
device,3087.370383208334,-0.4598509,1.6648353,-0.026868165
device,3087.3802615833342,-0.46112797,1.664818,-0.027116325
device,3087.3907946250006,-0.4625541,1.6647956,-0.027391493
Gesamt_3Arm,3087.394329791667,-0.22462285,1.522141,-0.71275306
device,3087.400568333334,-0.4639494,1.6647751,-0.027660575
device,3087.4102708750006,-0.46540248,1.664763,-0.027944326
device,3087.4210936666673,-0.46706843,1.6647615,-0.028277636
Gesamt_3Arm,3087.4228386250006,-0.22461104,1.5221189,-0.7129582
device,3087.430499833334,-0.46856555,1.6647772,-0.028587665
device,3087.4406320000007,-0.47023103,1.6648104,-0.02894589
device,3087.4507941666675,-0.47196192,1.6648569,-0.029333645
Gesamt_3Arm,3087.453185583334,-0.22461987,1.5221,-0.7131404
device,3087.4604721250007,-0.4736483,1.6649078,-0.02972585
device,3087.4703207916673,-0.47541356,1.664959,-0.030150712
device,3087.480838000001,-0.47731113,1.6649923,-0.03064245
device,3087.492430500001,-0.47950363,1.6650176,-0.03122139
device,3087.493930458334,-0.47971922,1.6650199,-0.031278558
Gesamt_3Arm,3087.495356583334,-0.22460794,1.5220554,-0.71355116
device,3087.499518041667,-0.48085266,1.665026,-0.031580873
device,3087.509776958334,-0.48278552,1.6650317,-0.032103308
Gesamt_3Arm,3087.513577833334,-0.22459853,1.5220125,-0.71393996
device,3087.519800041667,-0.48476052,1.6650308,-0.032646477
device,3087.5296371250006,-0.4867015,1.665028,-0.03319162
device,3087.539642583334,-0.48870134,1.665023,-0.033762515
Gesamt_3Arm,3087.542729666667,-0.22457707,1.5219648,-0.71439326
device,3087.5497792500005,-0.49072465,1.6650114,-0.03433379
device,3087.559697625001,-0.49274978,1.6650034,-0.03492197
device,3087.569715583334,-0.49479508,1.6650021,-0.03553617
Gesamt_3Arm,3087.573402000001,-0.22455764,1.5219159,-0.71486974
device,3087.579779916667,-0.49684057,1.6650033,-0.03616586
device,3087.5897086666673,-0.49889034,1.6650001,-0.036809616
device,3087.599868833334,-0.50097215,1.6649858,-0.037474778
Gesamt_3Arm,3087.604327833334,-0.22455859,1.5218704,-0.71531284
device,3087.6098106250006,-0.50303704,1.6649568,-0.038140185
device,3087.6198152500006,-0.5051114,1.6649104,-0.038811974
device,3087.6297636250006,-0.5071862,1.6648465,-0.03948772
Gesamt_3Arm,3087.6332517500005,-0.22456098,1.5218267,-0.7157315
device,3087.639732458334,-0.5092701,1.664756,-0.04018381
device,3087.649704958334,-0.51136374,1.6646563,-0.040885687
device,3087.6598154166672,-0.513469,1.6645436,-0.041589677
device,3087.6696980000006,-0.51556087,1.6644235,-0.042289853
Gesamt_3Arm,3087.6701742916675,-0.22460711,1.5217845,-0.7161326
device,3087.6794491250007,-0.5176256,1.6643019,-0.042985737
device,3087.689469458334,-0.5197286,1.6641771,-0.043697767
Gesamt_3Arm,3087.6929609166673,-0.2246232,1.5217347,-0.71662444
device,3087.6994735416674,-0.521829,1.6640564,-0.04441693
device,3087.7094521250006,-0.5239198,1.6639379,-0.045141995
device,3087.719512750001,-0.5260272,1.6638228,-0.045873404
Gesamt_3Arm,3087.7224576250005,-0.22466278,1.5216886,-0.7170794
device,3087.7294725000006,-0.52812076,1.6637101,-0.046578407
device,3087.7394225000007,-0.5302143,1.6636,-0.047299564
device,3087.7494628750005,-0.53231525,1.6634899,-0.048041224
Gesamt_3Arm,3087.7532341666674,-0.22470331,1.5216445,-0.7175072
device,3087.759441583334,-0.5344065,1.6633837,-0.048797853
device,3087.769440041667,-0.5364933,1.6632792,-0.04957348
device,3087.779521833334,-0.53858715,1.6631789,-0.050376095
Gesamt_3Arm,3087.7826220416673,-0.22477186,1.5216048,-0.71788967
device,3087.7894928750006,-0.5406475,1.6630898,-0.051190823
device,3087.7994297916675,-0.54269826,1.6630074,-0.05203327
device,3087.8094726250006,-0.54474235,1.6629248,-0.0529072
Gesamt_3Arm,3087.8126231250008,-0.22486949,1.5215693,-0.71822494
device,3087.8195082916673,-0.5467783,1.6628431,-0.053808417
device,3087.829431708334,-0.54878736,1.6627538,-0.054724634
device,3087.8395649166673,-0.55080104,1.6626527,-0.055666894
Gesamt_3Arm,3087.8486131250006,-0.22508335,1.5215312,-0.7184308
device,3087.8494135000005,-0.5528027,1.6625419,-0.05662867
device,3087.8594175000007,-0.5548002,1.6624242,-0.057616256
device,3087.869523458334,-0.5567997,1.6623077,-0.058635868
Gesamt_3Arm,3087.875203083334,-0.22529435,1.5214942,-0.7186202
device,3087.879631916667,-0.55877554,1.662197,-0.05967411
device,3087.889420708334,-0.56071115,1.662098,-0.060726076
device,3087.8994505000005,-0.5626471,1.662008,-0.06181988
Gesamt_3Arm,3087.902971083334,-0.2254492,1.5214454,-0.71893823
device,3087.9097389166673,-0.56458664,1.6619389,-0.06295562
device,3087.9194279166672,-0.56645703,1.6618868,-0.06408709
device,3087.9294666666674,-0.5683408,1.6618407,-0.065258175
Gesamt_3Arm,3087.932973083334,-0.22563124,1.5214007,-0.7192136
device,3087.9395003750005,-0.5702096,1.6617912,-0.066446245
device,3087.9494237916674,-0.57205653,1.6617357,-0.06764454
device,3087.9594621666674,-0.5738981,1.6616776,-0.06886217
Gesamt_3Arm,3087.9627451666674,-0.22584224,1.5213612,-0.7194384
device,3087.9694590416675,-0.57572794,1.6616222,-0.07010111
device,3087.979434666667,-0.57753015,1.6615757,-0.07135028
device,3087.9894600416674,-0.5793283,1.6615502,-0.072622746
Gesamt_3Arm,3087.992778791667,-0.22605014,1.5213228,-0.7196454
device,3087.9994660000007,-0.58109057,1.6615611,-0.07387102
device,3088.009421333334,-0.5828303,1.6615982,-0.07515636
device,3088.019492291667,-0.58456016,1.6616604,-0.076494545
Gesamt_3Arm,3088.028866208334,-0.22639179,1.5213026,-0.7196828
device,3088.0293778750006,-0.5862483,1.6617403,-0.07785554
device,3088.039406541667,-0.5879369,1.6618346,-0.07926902
device,3088.049602083334,-0.5896218,1.6619442,-0.08073267
Gesamt_3Arm,3088.0554943750008,-0.22673583,1.521283,-0.71970046
device,3088.059437250001,-0.59126526,1.6620634,-0.08221454
device,3088.069467583334,-0.5929003,1.6621888,-0.08374283
device,3088.079432166667,-0.5945252,1.6623096,-0.08527079
Gesamt_3Arm,3088.082676291667,-0.2271409,1.521271,-0.7196382
device,3088.089470833334,-0.59614635,1.6624146,-0.08680862
device,3088.0994157916675,-0.5977397,1.6624993,-0.08836967
device,3088.109455333334,-0.59932184,1.662567,-0.08997193
Gesamt_3Arm,3088.112841833334,-0.22754312,1.5212591,-0.71956354
device,3088.1194966250005,-0.6008804,1.6626207,-0.091602355
device,3088.1294106666674,-0.60240763,1.6626633,-0.09324976
device,3088.1394767500005,-0.6039276,1.6626966,-0.09494421
Gesamt_3Arm,3088.142646458334,-0.22802556,1.5212579,-0.7193785
device,3088.149488166667,-0.6054101,1.6627263,-0.09665677
device,3088.159453958334,-0.6068616,1.6627477,-0.09839639
device,3088.1694531250005,-0.6082945,1.6627594,-0.10017499
Gesamt_3Arm,3088.1726438750006,-0.22849917,1.5212561,-0.7191901
device,3088.179443166667,-0.6096931,1.6627508,-0.10196916
device,3088.1894377916674,-0.6110624,1.662734,-0.103785366
device,3088.199429791667,-0.61239696,1.6627061,-0.10561013
Gesamt_3Arm,3088.2086414166674,-0.22915637,1.5212854,-0.7188071
device,3088.2093615416675,-0.61370003,1.6626626,-0.10744482
device,3088.2194207916673,-0.61498547,1.6626024,-0.109306335
device,3088.229492958334,-0.61624503,1.6625261,-0.11118701
Gesamt_3Arm,3088.2328916666675,-0.22978687,1.5213124,-0.7184442
device,3088.239457875001,-0.6174531,1.6624434,-0.11306086
device,3088.249426375001,-0.61863303,1.6623576,-0.11496192
device,3088.259492833334,-0.61978865,1.6622695,-0.11690527
Gesamt_3Arm,3088.262753958334,-0.23043156,1.5213406,-0.71807754
device,3088.2694499166673,-0.62092257,1.6621754,-0.118894696
device,3088.279377833334,-0.6220257,1.6620706,-0.12088323
device,3088.289433541667,-0.6231203,1.6619487,-0.12290591
Gesamt_3Arm,3088.292724458334,-0.23104954,1.5213666,-0.7177304
device,3088.2993953750006,-0.6241908,1.6618124,-0.12492457
device,3088.3093952916674,-0.6252493,1.661667,-0.12695986
device,3088.3204356250008,-0.62630415,1.6615199,-0.12904036
Gesamt_3Arm,3088.3231394166673,-0.23163176,1.5213841,-0.7174761
device,3088.329513333334,-0.62731737,1.661379,-0.13109693
device,3088.3393927916673,-0.62830025,1.6612438,-0.13315126
device,3088.3494430000005,-0.6292901,1.6611068,-0.1352624
Gesamt_3Arm,3088.355673833334,-0.23256695,1.5214529,-0.71670675
device,3088.359421458334,-0.6302782,1.6609697,-0.13735563
device,3088.3694258750006,-0.6312539,1.6608092,-0.13947606
device,3088.3793796666673,-0.63220835,1.6606184,-0.14160594
Gesamt_3Arm,3088.3889939166675,-0.23306203,1.5214621,-0.7165776
device,3088.389379958334,-0.6331489,1.6603932,-0.14375952
device,3088.3993697500005,-0.6340687,1.6601288,-0.14591604
device,3088.409592458334,-0.6349876,1.6598228,-0.14810804
Gesamt_3Arm,3088.412892333334,-0.23390484,1.5215204,-0.71595323
device,3088.4194497500007,-0.6358886,1.6594845,-0.15029114
device,3088.429388708334,-0.6367781,1.6591244,-0.15248168
device,3088.4393892500007,-0.63767445,1.6587533,-0.15470907
Gesamt_3Arm,3088.4424000416675,-0.23460352,1.5215564,-0.715545
device,3088.449406083334,-0.63858694,1.6584052,-0.15695608
device,3088.459462083334,-0.6394818,1.6580694,-0.15923613
device,3088.469383083334,-0.64035916,1.6577513,-0.16154417
Gesamt_3Arm,3088.4730908750007,-0.23516607,1.5215743,-0.71532387
device,3088.479352250001,-0.6412256,1.6574496,-0.16388401
device,3088.489370375001,-0.64210343,1.6571771,-0.16627896
device,3088.499503333334,-0.6430001,1.6569629,-0.16870764
Gesamt_3Arm,3088.502884833334,-0.2357887,1.5215969,-0.7150394
device,3088.5093921666676,-0.6439182,1.6568426,-0.17116037
device,3088.5193020000006,-0.6448753,1.6568387,-0.173673
device,3088.5294532916673,-0.6458955,1.6569545,-0.17628837
Gesamt_3Arm,3088.532413833334,-0.23652029,1.5216272,-0.71466064
device,3088.539407458334,-0.64698005,1.6571684,-0.17894474
device,3088.5493537916673,-0.64812136,1.6574463,-0.1816074
device,3088.559368583334,-0.6493249,1.6577505,-0.18425128
Gesamt_3Arm,3088.5688205416673,-0.23795748,1.5216992,-0.7138369
device,3088.569263833334,-0.65058583,1.6580466,-0.1868178
device,3088.579316583334,-0.65193033,1.6583204,-0.1893276
device,3088.589525541667,-0.6533785,1.6585644,-0.19176748
Gesamt_3Arm,3088.5930350416675,-0.23913932,1.5217525,-0.71318907
device,3088.599533708334,-0.65488124,1.6587826,-0.19405347
device,3088.6093578750006,-0.6564443,1.6589959,-0.1962286
device,3088.6193479166673,-0.65809464,1.6592348,-0.19834659
Gesamt_3Arm,3088.622605833334,-0.24185765,1.5219957,-0.7109471
device,3088.6294296250007,-0.6598215,1.6594937,-0.20037845
device,3088.639353041667,-0.66158056,1.6597378,-0.2023088
device,3088.649368833334,-0.6634098,1.6599553,-0.20416594
Gesamt_3Arm,3088.653059500001,-0.24405241,1.5222094,-0.7094927
device,3088.659361833334,-0.6652987,1.660146,-0.20592797
device,3088.6694066250006,-0.66725516,1.6603291,-0.20761427
device,3088.6794609166673,-0.6692766,1.6605169,-0.20923874
Gesamt_3Arm,3088.682756208334,-0.24600601,1.5224179,-0.7084178
device,3088.689386083334,-0.67133975,1.660712,-0.21079618
device,3088.6993676666675,-0.6734618,1.6609095,-0.21231285
device,3088.7095251666674,-0.6756673,1.6611161,-0.2138204
Gesamt_3Arm,3088.7137051250006,-0.24731922,1.5225463,-0.7077453
device,3088.7193561250006,-0.6779179,1.6613488,-0.21532494
device,3088.729382833334,-0.6802094,1.6616467,-0.2168358
device,3088.7393782916674,-0.68251824,1.6620092,-0.21836352
device,3088.749358083334,-0.684834,1.6624149,-0.21990722
Gesamt_3Arm,3088.7497167500005,-0.24850845,1.5226771,-0.70751905
device,3088.7593203750007,-0.6871779,1.6628282,-0.22146243
device,3088.769538041667,-0.6896007,1.6632257,-0.22304416
Gesamt_3Arm,3088.7730269166673,-0.2500788,1.5228548,-0.70674694
device,3088.7794827500006,-0.6920104,1.6635863,-0.22458896
device,3088.7893357500006,-0.6944599,1.6639276,-0.22613874
device,3088.799830416667,-0.6969454,1.6642667,-0.22770792
Gesamt_3Arm,3088.8023082916675,-0.25124478,1.5229726,-0.7064825
device,3088.809426375001,-0.6994562,1.6646104,-0.22930038
device,3088.819276708334,-0.7019644,1.6649278,-0.23088163
device,3088.829340083334,-0.7044944,1.6652836,-0.23252347
Gesamt_3Arm,3088.8344072916675,-0.25210643,1.5230556,-0.7064748
device,3088.839312875001,-0.70700145,1.6656705,-0.2342124
device,3088.8493645416675,-0.70950794,1.6660765,-0.23596352
device,3088.8593585416675,-0.7119987,1.6664717,-0.23775569
Gesamt_3Arm,3088.8629419166673,-0.25325024,1.5231745,-0.70621145
device,3088.869562583334,-0.71453035,1.6668427,-0.23962066
device,3088.8793355416674,-0.7169998,1.6671588,-0.24147236
device,3088.889393958334,-0.71953154,1.6674286,-0.24340042
Gesamt_3Arm,3088.893512083334,-0.25414956,1.5232612,-0.70613873
device,3088.8993369166674,-0.7220459,1.6676488,-0.24537286
device,3088.9092937916676,-0.7245681,1.667822,-0.24737906
device,3088.919349916667,-0.7271197,1.6679529,-0.24943432
device,3088.929352750001,-0.7296791,1.6680412,-0.25151783
Gesamt_3Arm,3088.930406333334,-0.25466156,1.5232735,-0.70659554
device,3088.939312333334,-0.73225474,1.6680987,-0.25363538
device,3088.949367958334,-0.734858,1.6681352,-0.25580147
Gesamt_3Arm,3088.954295291667,-0.25509882,1.5232775,-0.70706564
device,3088.959437083334,-0.737489,1.6681559,-0.25801727
device,3088.9692744166673,-0.74011254,1.6681585,-0.26024878
device,3088.979649708334,-0.74281096,1.6681417,-0.2625562
Gesamt_3Arm,3088.982847458334,-0.2555318,1.523277,-0.70756364
device,3088.9893725000006,-0.7454994,1.6681104,-0.26485214
device,3088.9992687500007,-0.7482362,1.6680781,-0.2671456
device,3089.009302458334,-0.75103915,1.6680409,-0.26949015
Gesamt_3Arm,3089.012869750001,-0.2559111,1.5232707,-0.70805424
device,3089.019560333334,-0.7539182,1.6679988,-0.2718923
device,3089.0292262500006,-0.7567289,1.6679527,-0.27422985
device,3089.039318458334,-0.7596588,1.667894,-0.2766551
Gesamt_3Arm,3089.042459625001,-0.2562443,1.5232592,-0.7085376
device,3089.049550625001,-0.76263285,1.6678303,-0.2790975
device,3089.059570583334,-0.7656343,1.6677738,-0.28154498
device,3089.069504333334,-0.7686527,1.6677343,-0.28400496
Gesamt_3Arm,3089.072938333334,-0.25646007,1.5232381,-0.7090278
device,3089.079542125001,-0.77172565,1.667698,-0.2865202
device,3089.0895021666674,-0.7748047,1.6676545,-0.28904235
device,3089.0992968750006,-0.77792645,1.6676036,-0.29158214
device,3089.109458458334,-0.7811516,1.6675841,-0.29419142
Gesamt_3Arm,3089.110089666667,-0.25679362,1.5232294,-0.7094818
device,3089.1195718750005,-0.78436756,1.6676426,-0.29679704
device,3089.129712416667,-0.78766894,1.6677568,-0.29950094
Gesamt_3Arm,3089.1334182916676,-0.25714016,1.523222,-0.7099401
device,3089.139299583334,-0.7908353,1.6678644,-0.3021064
device,3089.149241333334,-0.7941319,1.6679007,-0.3047611
device,3089.1592793750006,-0.7975464,1.667842,-0.30742013
Gesamt_3Arm,3089.1623851250006,-0.25754797,1.5232196,-0.7104151
device,3089.1692927916674,-0.8010354,1.6677685,-0.31006387
device,3089.1792442500005,-0.80451894,1.6677448,-0.3127106
device,3089.1893855000008,-0.80801034,1.66784,-0.31543267
Gesamt_3Arm,3089.192760291667,-0.25795066,1.5232158,-0.71090376
device,3089.1992734166674,-0.81137943,1.6680621,-0.31815517
device,3089.209231083334,-0.8147168,1.6683605,-0.32093173
device,3089.219760833334,-0.81809783,1.6686702,-0.32379338
Gesamt_3Arm,3089.2228449166673,-0.25839853,1.5232174,-0.71141523
device,3089.229306333334,-0.82137346,1.6689261,-0.3265813
device,3089.239270458334,-0.82468176,1.669129,-0.32941246
device,3089.249338875001,-0.828007,1.6692872,-0.33229142
Gesamt_3Arm,3089.252822125001,-0.25881708,1.5232184,-0.7119045
device,3089.2595350000006,-0.83132076,1.6693883,-0.3352127
device,3089.269199250001,-0.83452106,1.6694607,-0.338098
device,3089.2793209166675,-0.8377503,1.6695011,-0.3410776
device,3089.2892322500006,-0.840894,1.6694975,-0.34404534
Gesamt_3Arm,3089.2895301250005,-0.25973082,1.5232685,-0.7121289
device,3089.2992011250008,-0.84400845,1.6694459,-0.34705186
device,3089.309333500001,-0.8471019,1.6693547,-0.35011563
Gesamt_3Arm,3089.314320208334,-0.2607051,1.5233202,-0.71236235
device,3089.3192802916674,-0.8501165,1.669235,-0.35318768
device,3089.3292281250006,-0.8530494,1.6690959,-0.3562713
device,3089.339400833334,-0.855973,1.6689285,-0.3594376
Gesamt_3Arm,3089.342284958334,-0.26175606,1.5233734,-0.71259594
device,3089.3492402500005,-0.8587916,1.6687275,-0.36257857
device,3089.3591767916673,-0.8615916,1.6684577,-0.3657999
device,3089.369287166667,-0.86438274,1.6681504,-0.36906683
Gesamt_3Arm,3089.372951791667,-0.26276326,1.5234246,-0.7128116
device,3089.379255666667,-0.8670863,1.667815,-0.3722806
device,3089.3891948750006,-0.8697523,1.6674488,-0.37549418
device,3089.399208208334,-0.8723872,1.6670706,-0.37871715
Gesamt_3Arm,3089.402738666667,-0.26385105,1.5234782,-0.7130244
device,3089.4092771666674,-0.8749769,1.6667075,-0.3819431
device,3089.419183708334,-0.87748885,1.6663811,-0.38514483
device,3089.4292327500007,-0.8799809,1.6660924,-0.3883941
Gesamt_3Arm,3089.432310958334,-0.26496673,1.5235307,-0.71326435
device,3089.4392657916674,-0.8824011,1.6658335,-0.39163566
device,3089.449181583334,-0.88474405,1.6655992,-0.39485222
device,3089.459227083334,-0.8870395,1.6653929,-0.39808896
Gesamt_3Arm,3089.468365916667,-0.26561213,1.5235091,-0.7139134
device,3089.469158416667,-0.8892516,1.6652192,-0.4012976
device,3089.479184666667,-0.89141095,1.6650779,-0.40453
device,3089.489262458334,-0.8935001,1.6649624,-0.40775663
Gesamt_3Arm,3089.4937657916676,-0.26621115,1.5234869,-0.7145345
device,3089.4992900416673,-0.8955221,1.6648694,-0.41099074
device,3089.509255416667,-0.897455,1.6647878,-0.41419291
device,3089.519260958334,-0.899336,1.6647032,-0.41744304
Gesamt_3Arm,3089.522336458334,-0.26684213,1.5234686,-0.7151715
device,3089.5292750416675,-0.90115035,1.6646,-0.42072594
device,3089.5391852916673,-0.9028883,1.6644547,-0.42399734
device,3089.5493262916675,-0.9045862,1.6642526,-0.42732474
Gesamt_3Arm,3089.553121416667,-0.2674564,1.5234498,-0.71584845
device,3089.5592404166673,-0.90619695,1.6640087,-0.4306241
device,3089.5692138750005,-0.90774274,1.6637417,-0.4339603
device,3089.579350166667,-0.9092183,1.6634686,-0.43734866
Gesamt_3Arm,3089.582948500001,-0.2681116,1.5234326,-0.71653724
device,3089.5893464166675,-0.9105966,1.6632001,-0.4407509
device,3089.5992836666674,-0.91189003,1.6629273,-0.44418627
device,3089.609318500001,-0.9131162,1.6626368,-0.44766834
Gesamt_3Arm,3089.6123725000007,-0.26869118,1.5234119,-0.7172073
device,3089.619189833334,-0.9142642,1.6623158,-0.45116737
device,3089.629258833334,-0.9153427,1.6619164,-0.4547617
device,3089.6393837916676,-0.9163623,1.6615224,-0.45840913
Gesamt_3Arm,3089.6487131250005,-0.26915395,1.5234246,-0.71802956
device,3089.6491042916673,-0.9172988,1.6611476,-0.4620197
device,3089.6591457916675,-0.918185,1.6607744,-0.4657185
device,3089.669407333334,-0.9190147,1.6604047,-0.4694942
Gesamt_3Arm,3089.672394083334,-0.26959562,1.5234325,-0.7188884
device,3089.6792148750005,-0.9197603,1.660052,-0.47320864
device,3089.689225958334,-0.9204507,1.6596997,-0.47699165
device,3089.699250708334,-0.92109585,1.6593432,-0.48082608
Gesamt_3Arm,3089.702296833334,-0.2700293,1.5234365,-0.71977663
device,3089.7092005416675,-0.921728,1.6589686,-0.484676
device,3089.7191875416675,-0.92230254,1.6585854,-0.4885702
device,3089.729282833334,-0.92282844,1.6581812,-0.49251595
Gesamt_3Arm,3089.732860833334,-0.27042627,1.5234406,-0.7206216
device,3089.739257083334,-0.9232991,1.6577597,-0.49645573
device,3089.749136333334,-0.9237155,1.6573234,-0.5004145
device,3089.7592115416674,-0.9240792,1.656875,-0.50444555
Gesamt_3Arm,3089.762381333334,-0.2708149,1.5234399,-0.721496
device,3089.769213833334,-0.92437875,1.6564256,-0.50847185
device,3089.779166208334,-0.9246175,1.6559716,-0.5124972
device,3089.789256958334,-0.92480254,1.6554948,-0.5165912
Gesamt_3Arm,3089.7925547916675,-0.27119994,1.5234338,-0.7223955
device,3089.7992092916675,-0.9249339,1.654984,-0.52070016
device,3089.809140833334,-0.92500997,1.6544659,-0.5248046
device,3089.8191468750006,-0.9250246,1.6539389,-0.52895135
Gesamt_3Arm,3089.8281861250007,-0.2714734,1.5234066,-0.72335386
device,3089.8290852916675,-0.92497396,1.6534147,-0.5330741
device,3089.839181500001,-0.924855,1.6528772,-0.5372647
device,3089.8492740000006,-0.9246707,1.6523256,-0.54144853
Gesamt_3Arm,3089.855344041667,-0.2717085,1.5233805,-0.7242665
device,3089.8593483750005,-0.9244298,1.6517553,-0.54562414
device,3089.8692220000007,-0.9241364,1.6511672,-0.54978746
device,3089.8792315000005,-0.9237901,1.6505629,-0.55394715
Gesamt_3Arm,3089.882430625001,-0.27195168,1.5233469,-0.7252045
device,3089.889313083334,-0.9233911,1.6499134,-0.5581386
device,3089.899117333334,-0.9229676,1.6491755,-0.5622934
device,3089.9091692500006,-0.9225044,1.6483982,-0.56648844
Gesamt_3Arm,3089.912630458334,-0.27247238,1.5232921,-0.7264488
device,3089.919235958334,-0.9219972,1.6476102,-0.5706838
device,3089.9291446666675,-0.92144966,1.6468565,-0.57479477
device,3089.939440083334,-0.9208126,1.6461283,-0.5790696
Gesamt_3Arm,3089.942728833334,-0.27384388,1.5231569,-0.72875965
device,3089.949287958334,-0.9201319,1.6455139,-0.5831292
device,3089.9591299166673,-0.91937244,1.644997,-0.58723223
device,3089.969196041667,-0.91853976,1.6446184,-0.59141654
Gesamt_3Arm,3089.972685083334,-0.2748971,1.5230496,-0.7306439
device,3089.9792124166675,-0.91763234,1.6443213,-0.5955732
device,3089.989152083334,-0.9166548,1.6441071,-0.5997118
device,3089.9991697916676,-0.9155965,1.6440082,-0.6038735
Gesamt_3Arm,3090.008235333334,-0.2757926,1.5228387,-0.7332844
device,3090.0090837500006,-0.9144602,1.6440501,-0.60803014
device,3090.0191464166674,-0.91322595,1.644232,-0.61223364
device,3090.0291726666674,-0.91192293,1.6445224,-0.6164192
Gesamt_3Arm,3090.0326981250005,-0.27656186,1.5226207,-0.7361282
device,3090.039222250001,-0.91057277,1.6448705,-0.6206043
device,3090.049108583334,-0.90921974,1.6452155,-0.62473816
device,3090.059275958334,-0.9078722,1.6455201,-0.62888676
Gesamt_3Arm,3090.062519750001,-0.27696204,1.522507,-0.73875993
device,3090.0692897916674,-0.9065833,1.6457467,-0.6330179
device,3090.0791149583342,-0.9054675,1.6458675,-0.6370618
device,3090.0891397916675,-0.90440035,1.6459084,-0.64111423
Gesamt_3Arm,3090.093501375001,-0.2768922,1.5224401,-0.74020326
device,3090.099170000001,-0.90339494,1.645861,-0.6450986
device,3090.1091226250005,-0.9024482,1.645738,-0.6490078
device,3090.119664958334,-0.90150356,1.6455584,-0.6530591
Gesamt_3Arm,3090.122661458334,-0.27664185,1.5224714,-0.7418951
device,3090.129349666667,-0.90066504,1.6453935,-0.65673983
device,3090.139151833334,-0.89982104,1.6452762,-0.6604481
device,3090.149151458334,-0.8989589,1.6452492,-0.6641956
Gesamt_3Arm,3090.152657833334,-0.2762605,1.5225347,-0.7436666
device,3090.1592651250007,-0.89809453,1.6453412,-0.6679417
device,3090.1691560416675,-0.8972385,1.6455095,-0.6715795
device,3090.1791712916674,-0.89636874,1.645739,-0.67526484
device,3090.1891973750007,-0.8955271,1.6460136,-0.67889386
Gesamt_3Arm,3090.190630875001,-0.27573347,1.5226251,-0.74532175
device,3090.1991062500006,-0.8947096,1.646326,-0.6825005
device,3090.209263458334,-0.893908,1.6466757,-0.686148
Gesamt_3Arm,3090.212768458334,-0.27514946,1.5226853,-0.74649465
device,3090.219474333334,-0.89313745,1.6470485,-0.6897972
device,3090.2291262916674,-0.8924351,1.6474208,-0.6932836
device,3090.2392206666673,-0.89175045,1.6478156,-0.6968665
Gesamt_3Arm,3090.2425392916675,-0.2744341,1.5228212,-0.74804795
device,3090.249169625001,-0.89110184,1.6482241,-0.70040524
device,3090.2591096666674,-0.8904722,1.6486683,-0.7039699
device,3090.2693155416673,-0.8898469,1.6491337,-0.7075655
Gesamt_3Arm,3090.2748706666675,-0.27376664,1.5229234,-0.74917465
device,3090.279324458334,-0.8892319,1.6495987,-0.711115
device,3090.289067458334,-0.8886268,1.650051,-0.714625
device,3090.299091083334,-0.88801575,1.6504915,-0.71817726
Gesamt_3Arm,3090.3025651250005,-0.2730204,1.5230678,-0.7507368
device,3090.3091248750006,-0.88740766,1.6509084,-0.7217259
device,3090.319202333334,-0.88679004,1.6513003,-0.7253262
device,3090.329147125001,-0.8861842,1.6516485,-0.7288575
Gesamt_3Arm,3090.332452458334,-0.27233982,1.5231341,-0.7518653
device,3090.339138208334,-0.88556695,1.6519641,-0.7324571
device,3090.3490606250007,-0.88494325,1.6522567,-0.73609465
device,3090.359073750001,-0.88432,1.6525095,-0.7397872
Gesamt_3Arm,3090.368376291667,-0.2719611,1.5231954,-0.75352985
device,3090.369150833334,-0.8836996,1.6527221,-0.7434944
device,3090.379034166667,-0.8830825,1.6529022,-0.7472062
device,3090.3892971666673,-0.8824626,1.653055,-0.7509798
Gesamt_3Arm,3090.394123958334,-0.2716396,1.5232236,-0.75473964
device,3090.3991547916676,-0.88185924,1.6531765,-0.7547402
device,3090.409040958334,-0.8812821,1.653262,-0.7585015
device,3090.4194255000007,-0.8807366,1.6533175,-0.762362
Gesamt_3Arm,3090.4220397916674,-0.27121723,1.523244,-0.75644493
device,3090.4291505000006,-0.8802404,1.6533254,-0.7661631
device,3090.439060500001,-0.87979054,1.6532905,-0.7700011
device,3090.4490866250007,-0.87938154,1.6532336,-0.7738853
Gesamt_3Arm,3090.4533902500007,-0.27093482,1.5232512,-0.757658
device,3090.4591567916673,-0.8790104,1.6531796,-0.7778092
device,3090.469001458334,-0.8786721,1.6531376,-0.781729
device,3090.4791195416674,-0.87835765,1.6531084,-0.78571904
Gesamt_3Arm,3090.482183875001,-0.27057087,1.5232743,-0.75937724
device,3090.4891508750006,-0.8780776,1.6530869,-0.78975207
device,3090.499048583334,-0.87783825,1.6530738,-0.79376155
device,3090.509063458334,-0.8776369,1.6530749,-0.79785883
Gesamt_3Arm,3090.512339958334,-0.27031243,1.5232904,-0.76058936
device,3090.519172500001,-0.877481,1.6530943,-0.8020179
device,3090.529106166667,-0.8773558,1.6531134,-0.80615044
device,3090.5395253750007,-0.8772625,1.6531265,-0.8104659
device,3090.5492672916675,-0.87721103,1.6531234,-0.8145842
Gesamt_3Arm,3090.5497483750005,-0.2698499,1.5232729,-0.76233375
device,3090.5592754166673,-0.877189,1.6531314,-0.8188181
device,3090.569516208334,-0.8771845,1.6531975,-0.8231144
Gesamt_3Arm,3090.5742340000006,-0.26952374,1.5232505,-0.76354635
device,3090.5792935416675,-0.8771634,1.6533666,-0.8273258
device,3090.5890967916675,-0.8770999,1.6536411,-0.8315376
device,3090.5991206250005,-0.87699515,1.6539856,-0.83580554
Gesamt_3Arm,3090.6024712500007,-0.26903844,1.523274,-0.76523817
device,3090.6091393750007,-0.87687945,1.654336,-0.8400757
device,3090.6190202500006,-0.87679493,1.6546484,-0.84427327
device,3090.629058833334,-0.87671286,1.6549327,-0.84849656
Gesamt_3Arm,3090.633641291667,-0.2686026,1.5232724,-0.7664154
device,3090.639052708334,-0.87661594,1.6551884,-0.8526947
device,3090.649055583334,-0.8764941,1.6554238,-0.85687554
device,3090.6594129166674,-0.87633634,1.6556488,-0.86118054
Gesamt_3Arm,3090.662889625001,-0.26833177,1.5232757,-0.7680487
device,3090.669144416667,-0.87615377,1.6558404,-0.8651626
device,3090.679045375001,-0.87592626,1.6560189,-0.8692093
device,3090.6894156250005,-0.87564576,1.656181,-0.8732819
Gesamt_3Arm,3090.6948951250006,-0.26794076,1.5232466,-0.7691601
device,3090.699109833334,-0.8753209,1.6563109,-0.8772279
device,3090.7090137916675,-0.8749297,1.6563982,-0.88114834
device,3090.7197096666673,-0.87448645,1.6564852,-0.8850459
Gesamt_3Arm,3090.7280084166673,-0.26808512,1.5232126,-0.7708104
device,3090.7289918750007,-0.87399435,1.6565833,-0.88886786
device,3090.738996958334,-0.8734548,1.6566902,-0.89265513
device,3090.7490396250005,-0.8728795,1.6567948,-0.89639646
Gesamt_3Arm,3090.7547117500008,-0.26829135,1.5231813,-0.7720108
device,3090.7590792500005,-0.8722825,1.6568826,-0.9000806
device,3090.769010166667,-0.8716757,1.6569465,-0.90367293
device,3090.779013125001,-0.8710501,1.6569823,-0.9072416
Gesamt_3Arm,3090.7819465416674,-0.26833916,1.523175,-0.77351904
device,3090.789056208334,-0.8704059,1.6569957,-0.91077006
device,3090.7989868750005,-0.8697479,1.6569933,-0.9142004
device,3090.8089935000007,-0.8690548,1.6569879,-0.9175893
Gesamt_3Arm,3090.812775000001,-0.26846135,1.5231736,-0.77460915
device,3090.8190051666675,-0.86832666,1.6569867,-0.9208996
device,3090.8289997500005,-0.86755896,1.656986,-0.92415285
device,3090.839065208334,-0.86675555,1.6569779,-0.9273447
Gesamt_3Arm,3090.842264458334,-0.26844227,1.5231888,-0.7760008
device,3090.849118041667,-0.86591744,1.6569548,-0.9304594
device,3090.859326625001,-0.8650275,1.6569189,-0.9335399
device,3090.869227458334,-0.86409783,1.6568795,-0.9365099
Gesamt_3Arm,3090.8735739166673,-0.26844585,1.5231718,-0.77698976
device,3090.879372083334,-0.8631371,1.6568336,-0.9393749
device,3090.889242708334,-0.86214733,1.6567824,-0.94212216
device,3090.899274250001,-0.8610759,1.6567402,-0.9448352
device,3090.9092487500006,-0.85993946,1.6567024,-0.94747853
Gesamt_3Arm,3090.9097213750006,-0.2681445,1.5230726,-0.77823937
device,3090.9192238750006,-0.8587365,1.6566621,-0.95006025
device,3090.929285708334,-0.85746074,1.6566106,-0.952598
Gesamt_3Arm,3090.9341020416673,-0.26805115,1.5229807,-0.77915275
device,3090.9393314166673,-0.85611916,1.6565439,-0.9550853
device,3090.949260666667,-0.85472655,1.6564629,-0.9574925
device,3090.958995416667,-0.8532839,1.6563722,-0.95981544
Gesamt_3Arm,3090.961876458334,-0.267792,1.5228696,-0.78034055
device,3090.968983083334,-0.8517425,1.6562667,-0.96213245
device,3090.9789851250007,-0.8501327,1.6561344,-0.9644313
device,3090.9890881666674,-0.84844136,1.6559746,-0.96668094
Gesamt_3Arm,3090.9933955000006,-0.26742518,1.5227522,-0.78110814
device,3090.998991125001,-0.8467,1.6557989,-0.9688431
device,3091.0089681250006,-0.8448787,1.6556282,-0.97094077
device,3091.019627958334,-0.84293294,1.6554639,-0.9730147
Gesamt_3Arm,3091.0227950000008,-0.26718938,1.5226004,-0.78228
device,3091.029149291667,-0.84096694,1.655304,-0.97495925
device,3091.038988958334,-0.83896947,1.6551204,-0.9768174
device,3091.048975583334,-0.8368895,1.654893,-0.97864765
Gesamt_3Arm,3091.053569875001,-0.26680398,1.5224588,-0.7829761
device,3091.059003666667,-0.83472824,1.6546329,-0.9804615
device,3091.0690622916673,-0.8325224,1.6543515,-0.9822093
device,3091.0790170000005,-0.830292,1.6540688,-0.983873
Gesamt_3Arm,3091.088480083334,-0.26653504,1.5222547,-0.78411794
device,3091.0889365416674,-0.82802844,1.6538012,-0.9854512
device,3091.0989636666673,-0.82570314,1.6535512,-0.98696315
device,3091.109196416667,-0.8233215,1.6533211,-0.9884017
Gesamt_3Arm,3091.113149958334,-0.26598418,1.5221077,-0.78469676
device,3091.119272000001,-0.82089853,1.6531088,-0.989763
device,3091.1289511666673,-0.81851506,1.6529145,-0.9910103
device,3091.1390820416673,-0.816044,1.6527121,-0.9922198
Gesamt_3Arm,3091.1421910416675,-0.26560223,1.5219274,-0.7856497
device,3091.1490251250007,-0.8135467,1.6524847,-0.9933778
device,3091.158952958334,-0.8110057,1.6521825,-0.9945825
device,3091.1689599166675,-0.8084274,1.6518806,-0.99574083
Gesamt_3Arm,3091.172509708334,-0.26560652,1.5218122,-0.7863598
device,3091.1789813750006,-0.80585194,1.6515952,-0.99682134
device,3091.1890156250006,-0.8032805,1.6513238,-0.9978253
device,3091.198998458334,-0.80072117,1.6510613,-0.998759
Gesamt_3Arm,3091.203883750001,-0.26498497,1.5215971,-0.78704596
device,3091.208977500001,-0.798182,1.6508206,-0.9996254
device,3091.2189356250005,-0.7956493,1.6506304,-1.0004328
device,3091.229101208334,-0.79308164,1.6505322,-1.0012022
Gesamt_3Arm,3091.233333083334,-0.26530147,1.5215578,-0.78746367
device,3091.2389761250006,-0.7905311,1.6505642,-1.0019146
device,3091.2489392500006,-0.78793454,1.6507295,-1.002548
device,3091.2589536250007,-0.7852917,1.6510268,-1.0031033
Gesamt_3Arm,3091.268063958334,-0.2650869,1.5215236,-0.7880975
device,3091.268888458334,-0.7826371,1.6514249,-1.003586
device,3091.278943791667,-0.7799518,1.6518872,-1.0040107
device,3091.2889852916674,-0.7772622,1.6523554,-1.0043919
Gesamt_3Arm,3091.292290958334,-0.26448798,1.5215542,-0.788571
device,3091.298996708334,-0.77461356,1.6527638,-1.0047508
device,3091.309018000001,-0.7720194,1.6530569,-1.0051076
device,3091.318962333334,-0.7694913,1.6531973,-1.0054961
Gesamt_3Arm,3091.321896291667,-0.26399457,1.5216123,-0.789022
device,3091.3289574166674,-0.7670398,1.6531881,-1.0059518
device,3091.3389154166675,-0.764683,1.6530658,-1.0064325
device,3091.349025291667,-0.7623682,1.6528931,-1.006932
Gesamt_3Arm,3091.355081458334,-0.2631439,1.5216316,-0.7893261
device,3091.358974500001,-0.76011467,1.6527196,-1.0074252
device,3091.368911041667,-0.75787437,1.6525522,-1.007919
device,3091.379237750001,-0.7556479,1.6523716,-1.0084295
Gesamt_3Arm,3091.382648500001,-0.26320255,1.5216445,-0.78946525
device,3091.3889633750005,-0.7534933,1.6521641,-1.008965
device,3091.3989187916673,-0.751392,1.6519351,-1.0095333
device,3091.409076541667,-0.74931264,1.6517178,-1.0101297
Gesamt_3Arm,3091.4121430000005,-0.26271605,1.5217115,-0.7899484
device,3091.4189068750006,-0.74726856,1.651574,-1.0107478
device,3091.428959541667,-0.74520665,1.6515923,-1.0114688
device,3091.438973958334,-0.7431369,1.6517156,-1.0121818
device,3091.448928083334,-0.7410539,1.651942,-1.0128784
Gesamt_3Arm,3091.449303250001,-0.26187122,1.521761,-0.7903083
device,3091.4590051666673,-0.73894686,1.6522614,-1.0135685
device,3091.4689816666673,-0.7368462,1.6526506,-1.0142535
Gesamt_3Arm,3091.4726452916675,-0.2610953,1.5217854,-0.79040104
device,3091.4792017916675,-0.7347276,1.6530887,-1.014953
device,3091.488932916667,-0.73270607,1.6535364,-1.0156372
device,3091.4989997500006,-0.7306478,1.6540126,-1.0163661
Gesamt_3Arm,3091.5024292500007,-0.2598039,1.5218947,-0.7906691
device,3091.509011458334,-0.72861433,1.6544905,-1.0171263
device,3091.518858291667,-0.7266078,1.6549957,-1.0178736
device,3091.5289365416675,-0.7245703,1.6555419,-1.0186217
Gesamt_3Arm,3091.533662958334,-0.25947416,1.5220202,-0.79106224
device,3091.538911708334,-0.7225294,1.6561046,-1.0193552
device,3091.548891541667,-0.7204735,1.6566677,-1.0200838
device,3091.5593661250005,-0.7183187,1.6572311,-1.0208466
Gesamt_3Arm,3091.562355958334,-0.25813293,1.5221282,-0.7913414
device,3091.568908916667,-0.71633935,1.6577123,-1.0215476
device,3091.5792157083342,-0.7142403,1.658179,-1.0222964
device,3091.588983583334,-0.7121823,1.6585873,-1.0230391
Gesamt_3Arm,3091.5924013333342,-0.25718975,1.5221187,-0.7913654
device,3091.598892333334,-0.71010864,1.6589439,-1.0238069
device,3091.6089721250005,-0.7080046,1.6592256,-1.0246251
device,3091.618858791667,-0.7059243,1.6594555,-1.0254593
Gesamt_3Arm,3091.628212750001,-0.25599182,1.5221372,-0.79143494
device,3091.6288402916675,-0.7038262,1.6596403,-1.0263255
device,3091.6388967916673,-0.70170707,1.659785,-1.0272269
device,3091.648935208334,-0.69957876,1.6599054,-1.0281593
Gesamt_3Arm,3091.6526652916673,-0.25507545,1.5221127,-0.79120386
device,3091.6589670000008,-0.69742584,1.6600137,-1.0291249
device,3091.668807958334,-0.6952839,1.6601168,-1.03011
device,3091.678928458334,-0.69309306,1.6602153,-1.0311444
Gesamt_3Arm,3091.6820186250006,-0.2546116,1.5222208,-0.7917992
device,3091.688892833334,-0.6908901,1.6602802,-1.0322186
device,3091.6988931250007,-0.68864965,1.6602561,-1.033339
device,3091.7088960416672,-0.6864107,1.6601828,-1.0345364
Gesamt_3Arm,3091.7125268750005,-0.25371087,1.5221885,-0.7916128
device,3091.7188100416674,-0.6841948,1.6600666,-1.0358068
device,3091.728847125001,-0.68197393,1.6599275,-1.0371602
device,3091.7388569166674,-0.6797564,1.659787,-1.0385852
Gesamt_3Arm,3091.742098208334,-0.25275517,1.5222048,-0.79197645
device,3091.749176708334,-0.6774893,1.6596648,-1.0401056
device,3091.759213833334,-0.67528033,1.65957,-1.0416417
device,3091.7690572500005,-0.6730387,1.6595033,-1.0432702
Gesamt_3Arm,3091.772343750001,-0.25198925,1.5222131,-0.791917
device,3091.7791157500005,-0.67080545,1.659486,-1.0450176
device,3091.7890227500006,-0.6685878,1.6594739,-1.0467944
device,3091.799170375001,-0.6663141,1.6594629,-1.0486522
device,3091.8090797916675,-0.66407704,1.6594445,-1.0505192
Gesamt_3Arm,3091.8098102916674,-0.25064266,1.5222687,-0.7922126
device,3091.819016333334,-0.6618234,1.6594104,-1.0524415
device,3091.829107875001,-0.65954,1.6593628,-1.0544293
Gesamt_3Arm,3091.835061208334,-0.25055075,1.5223931,-0.79282963
device,3091.8389535000006,-0.6572819,1.6593065,-1.0564263
device,3091.848935958334,-0.6550076,1.6592346,-1.058452
device,3091.859270583334,-0.6526773,1.6591454,-1.0605458
Gesamt_3Arm,3091.862259208334,-0.25035274,1.5225443,-0.7940598
device,3091.8688300416675,-0.65041757,1.6590571,-1.0625918
device,3091.8788452500007,-0.6480992,1.6589845,-1.0646713
device,3091.888935291667,-0.64574194,1.6589975,-1.0667552
Gesamt_3Arm,3091.892494083334,-0.2490691,1.5224686,-0.79378086
device,3091.8988233750006,-0.6433649,1.6591011,-1.0688102
device,3091.908856958334,-0.6409513,1.6592612,-1.0708588
device,3091.918838208334,-0.63853025,1.6594322,-1.0729103
Gesamt_3Arm,3091.922237583334,-0.24888623,1.522663,-0.7950834
device,3091.928878500001,-0.636118,1.6595803,-1.0749816
device,3091.938985625001,-0.6337118,1.6597052,-1.0770788
device,3091.9488327500007,-0.63135135,1.6598104,-1.0791576
Gesamt_3Arm,3091.951968958334,-0.24852014,1.5227478,-0.79555297
device,3091.9588974166672,-0.6289502,1.6598976,-1.0813001
device,3091.968769583334,-0.6265979,1.6600093,-1.0833912
device,3091.978804708334,-0.6242411,1.6601429,-1.0854802
Gesamt_3Arm,3091.9878310416675,-0.24773681,1.5228837,-0.7963642
device,3091.9887662500005,-0.62192607,1.6602782,-1.0875354
device,3091.998789791667,-0.6196363,1.6603993,-1.08958
device,3092.008852833334,-0.61738706,1.6604952,-1.0916089
Gesamt_3Arm,3092.012337583334,-0.24716532,1.5229489,-0.7966087
device,3092.0188102916673,-0.6151924,1.6605505,-1.0936123
device,3092.028868125001,-0.6130552,1.6605691,-1.0955884
device,3092.0388351666675,-0.6109655,1.6605729,-1.0975406
Gesamt_3Arm,3092.042045833334,-0.24617541,1.5230047,-0.79710424
device,3092.048826458334,-0.6089309,1.6606063,-1.0994536
device,3092.0588124166675,-0.6069436,1.6606544,-1.1013112
device,3092.0688274166673,-0.6049907,1.6607159,-1.1031256
Gesamt_3Arm,3092.0724057500006,-0.2455591,1.523029,-0.79721606
device,3092.0788065000006,-0.60309994,1.6607724,-1.1048831
device,3092.0887995000007,-0.6012647,1.6608053,-1.1066074
device,3092.0998495416675,-0.5993073,1.6608046,-1.1084867
Gesamt_3Arm,3092.1049726250008,-0.24485576,1.5230466,-0.7972164
device,3092.1088224166674,-0.597786,1.660775,-1.1099744
device,3092.1188059166675,-0.5961518,1.6607207,-1.111596
device,3092.1291260000007,-0.5945687,1.6606501,-1.1131842
Gesamt_3Arm,3092.1321051250006,-0.244272,1.5231475,-0.7978327
device,3092.138839708334,-0.5930624,1.6605747,-1.1147058
device,3092.148763458334,-0.5916047,1.6604983,-1.1161869
device,3092.1587857916675,-0.59019876,1.660415,-1.1176337
Gesamt_3Arm,3092.1681284166675,-0.2435149,1.5232173,-0.7982386
device,3092.1687661250007,-0.5888434,1.6603347,-1.1190227
device,3092.178827083334,-0.5875393,1.6602478,-1.120352
device,3092.1888204166676,-0.58628744,1.6601452,-1.1216253
Gesamt_3Arm,3092.195528750001,-0.24193823,1.5230674,-0.797502
device,3092.198792750001,-0.58509636,1.6600147,-1.1228375
device,3092.2088119166674,-0.5839597,1.6598481,-1.123995
device,3092.2187925000007,-0.5828748,1.6596354,-1.1250985
Gesamt_3Arm,3092.221966708334,-0.24176872,1.523069,-0.7974475
device,3092.228825916667,-0.5818323,1.6593639,-1.1261821
device,3092.238795833334,-0.5808228,1.6590248,-1.1272748
device,3092.248854958334,-0.5798726,1.658609,-1.1283236
Gesamt_3Arm,3092.2524339166675,-0.24160814,1.523071,-0.7973978
device,3092.258764958334,-0.5789983,1.658129,-1.1293094
device,3092.2687268750005,-0.57818055,1.6575952,-1.1302431
device,3092.2787382500005,-0.57741475,1.6570342,-1.1311187
Gesamt_3Arm,3092.2819956250005,-0.24132526,1.5230083,-0.79822654
device,3092.288716041667,-0.5766934,1.6564708,-1.1319324
device,3092.298723541667,-0.5759941,1.655909,-1.1326758
device,3092.308706708334,-0.57528496,1.6553333,-1.1333284
Gesamt_3Arm,3092.3118382916673,-0.24117768,1.5230103,-0.79818636
device,3092.3187051666673,-0.5746341,1.6547492,-1.1339464
device,3092.328699958334,-0.5740502,1.6541545,-1.1345458
device,3092.338760208334,-0.5735196,1.6535645,-1.1351317
Gesamt_3Arm,3092.3481167916675,-0.24077475,1.5228992,-0.79905564
device,3092.3486838333342,-0.57303786,1.6530082,-1.1356962
device,3092.3587056666674,-0.57259375,1.6524942,-1.1362408
device,3092.368699875001,-0.5721839,1.6520286,-1.1367598
Gesamt_3Arm,3092.372083625001,-0.24066985,1.5229509,-0.79923815
device,3092.3788139166672,-0.57180476,1.6516082,-1.1372626
device,3092.3887865000006,-0.57146215,1.6512476,-1.1377436
device,3092.3988085000005,-0.5711396,1.6509407,-1.1382064
Gesamt_3Arm,3092.4019668750007,-0.2405709,1.5230017,-0.7994142
device,3092.4087819166675,-0.57081527,1.6506829,-1.1386353
device,3092.418735083334,-0.5705229,1.6504413,-1.1390643
device,3092.428776625001,-0.57026774,1.65017,-1.1395168
Gesamt_3Arm,3092.432012708334,-0.24047673,1.523051,-0.79958534
device,3092.438754500001,-0.5700593,1.6498399,-1.1400108
device,3092.4487102500007,-0.56990004,1.64944,-1.1405622
device,3092.459010458334,-0.5697876,1.6489649,-1.141193
Gesamt_3Arm,3092.4624509166674,-0.23919797,1.5227941,-0.7991239
device,3092.4689291250006,-0.569723,1.6484743,-1.1418519
device,3092.4792026666673,-0.5696852,1.6479586,-1.1425803
device,3092.489170083334,-0.569674,1.6474825,-1.1433287
Gesamt_3Arm,3092.496456583334,-0.23910975,1.5228405,-0.79928315
device,3092.4988790416674,-0.5696807,1.6470575,-1.1440895
device,3092.5089685000007,-0.5697017,1.6466581,-1.144902
device,3092.519160541667,-0.5697385,1.646281,-1.1457611
device,3092.5287365416675,-0.56978655,1.6459424,-1.1466222
Gesamt_3Arm,3092.529239958334,-0.23880363,1.5229186,-0.79959875
device,3092.5387620000006,-0.5697991,1.6456393,-1.1474023
device,3092.5488635416673,-0.5698122,1.6453875,-1.1482263
Gesamt_3Arm,3092.5519845416675,-0.23872328,1.5229781,-0.79985005
device,3092.5587424166674,-0.5698178,1.645202,-1.1490794
device,3092.568706708334,-0.5697923,1.6450841,-1.1499639
device,3092.578751458334,-0.5697017,1.6450341,-1.1508683
Gesamt_3Arm,3092.581707833334,-0.23794484,1.5230367,-0.7996196
device,3092.588749291667,-0.5695919,1.6450174,-1.1518122
device,3092.598702833334,-0.56946206,1.6450104,-1.152801
device,3092.608722583334,-0.56930715,1.645003,-1.1538466
Gesamt_3Arm,3092.612206791667,-0.23782277,1.5231014,-0.7998073
device,3092.6187155000007,-0.56912357,1.6449926,-1.1549424
device,3092.628700375001,-0.56891036,1.6449808,-1.1560798
device,3092.6388076250005,-0.56866,1.6449746,-1.1572685
Gesamt_3Arm,3092.6419961666675,-0.23766553,1.523206,-0.80062723
device,3092.648756208334,-0.5683751,1.6449847,-1.1584798
device,3092.6587296666676,-0.5680535,1.6450155,-1.1597207
device,3092.668705583334,-0.5676743,1.6450664,-1.1609968
Gesamt_3Arm,3092.672016583334,-0.23755467,1.5232682,-0.8008077
device,3092.6787321666675,-0.5672004,1.6451269,-1.1623023
device,3092.688695666667,-0.56668746,1.6452118,-1.1636269
device,3092.698739000001,-0.5661297,1.6453161,-1.1649845
device,3092.708735625001,-0.56553555,1.6454331,-1.1663666
Gesamt_3Arm,3092.7090804166673,-0.23700488,1.5233102,-0.80128706
device,3092.718685375001,-0.56490064,1.6455685,-1.167778
device,3092.728744041667,-0.5642202,1.6457258,-1.1692212
Gesamt_3Arm,3092.7319712500007,-0.23685205,1.5233612,-0.80142987
device,3092.738740708334,-0.5634973,1.6459041,-1.1706901
device,3092.748710250001,-0.56273645,1.6460942,-1.172185
device,3092.7586912500005,-0.56193554,1.646283,-1.1737341
Gesamt_3Arm,3092.761781916667,-0.23589182,1.5233874,-0.80147946
device,3092.768776958334,-0.5610584,1.6464611,-1.175365
device,3092.778712250001,-0.5601435,1.6466287,-1.1770208
device,3092.7887099166674,-0.5591836,1.6467898,-1.1787231
Gesamt_3Arm,3092.7922949166673,-0.23574841,1.5234361,-0.80161285
device,3092.798700958334,-0.5581777,1.6469514,-1.1804601
device,3092.8086724166674,-0.5571289,1.6471109,-1.1822269
device,3092.8188653750008,-0.5560255,1.6472663,-1.1840385
Gesamt_3Arm,3092.822343958334,-0.2359308,1.5236155,-0.8030416
device,3092.829106958334,-0.5548706,1.6474093,-1.1858897
device,3092.8386477500007,-0.55370593,1.6475261,-1.1876976
device,3092.848696041667,-0.55242825,1.647615,-1.1895708
Gesamt_3Arm,3092.8519350416673,-0.23494625,1.5235937,-0.80294764
device,3092.858696833334,-0.55111444,1.6476848,-1.1914572
device,3092.8686748750006,-0.5497555,1.6477398,-1.1933609
device,3092.878797125001,-0.54834604,1.6477797,-1.1952828
Gesamt_3Arm,3092.888298708334,-0.2337166,1.523536,-0.80247355
device,3092.888698333334,-0.5469084,1.6478047,-1.1971989
device,3092.8986737916675,-0.54543334,1.6478151,-1.1991328
device,3092.9087435000006,-0.5439148,1.6478146,-1.2010965
Gesamt_3Arm,3092.912373625001,-0.23374856,1.5235931,-0.8026699
device,3092.918750458334,-0.5423738,1.6478264,-1.2030606
device,3092.9287185416674,-0.5408137,1.6478753,-1.2050108
device,3092.938740958334,-0.53920007,1.6479907,-1.2069621
Gesamt_3Arm,3092.9419161666674,-0.23360634,1.5236129,-0.8038496
device,3092.948960458334,-0.5375398,1.6481857,-1.2088829
device,3092.958700333334,-0.5358801,1.6484551,-1.210746
device,3092.9686628750005,-0.5341809,1.6487948,-1.212606
Gesamt_3Arm,3092.9720253750006,-0.23382771,1.5237446,-0.80571383
device,3092.978688708334,-0.5324621,1.6491729,-1.2144548
device,3092.988643333334,-0.5307386,1.6495533,-1.2162976
device,3092.9987359166676,-0.52899516,1.6499008,-1.2181783
Gesamt_3Arm,3093.002071583334,-0.2335881,1.5239024,-0.8070369
device,3093.008696458334,-0.527277,1.6501791,-1.2200699
device,3093.018685708334,-0.52555776,1.6503792,-1.2220073
device,3093.0287416666674,-0.523853,1.6504977,-1.2239683
Gesamt_3Arm,3093.031934458334,-0.23362088,1.5239537,-0.80722207
device,3093.0386723750007,-0.5221498,1.6505383,-1.2259591
device,3093.048630791667,-0.5204115,1.650476,-1.2280087
device,3093.0587611250007,-0.51867056,1.6503507,-1.2300864
Gesamt_3Arm,3093.068102500001,-0.23252332,1.5239358,-0.8078889
device,3093.0686175000005,-0.51697063,1.6501782,-1.2321436
device,3093.078666250001,-0.51526976,1.6499802,-1.2342188
device,3093.089390708334,-0.5134808,1.6497693,-1.2364073
Gesamt_3Arm,3093.095086333334,-0.23212874,1.5239351,-0.8080746
device,3093.098832958334,-0.5118784,1.649601,-1.2383615
device,3093.1086650416673,-0.5102351,1.6494584,-1.2403585
device,3093.118641708334,-0.5085643,1.6493509,-1.2423638
Gesamt_3Arm,3093.121961833334,-0.23110998,1.5238252,-0.8079582
device,3093.1286596250006,-0.5068883,1.6492857,-1.2443185
device,3093.1386731666676,-0.5052228,1.6492435,-1.2462711
device,3093.1486546250007,-0.5035813,1.6492256,-1.2482109
Gesamt_3Arm,3093.1533397916673,-0.23087645,1.523882,-0.8084135
device,3093.1586432916674,-0.50196433,1.6492335,-1.2501409
device,3093.168599333334,-0.5003758,1.649269,-1.2520566
device,3093.1786717916675,-0.49881268,1.6493328,-1.2539656
Gesamt_3Arm,3093.1819391666672,-0.23059344,1.5239296,-0.8087348
device,3093.1886876250005,-0.4972834,1.6494154,-1.2558576
device,3093.198639208334,-0.4957993,1.6495134,-1.2577205
device,3093.2086595000005,-0.49433374,1.6496276,-1.2595909
Gesamt_3Arm,3093.2116992500005,-0.2298615,1.523937,-0.80885935
device,3093.218621333334,-0.49289536,1.6497663,-1.2614458
device,3093.228620000001,-0.49149895,1.6499265,-1.2632811
device,3093.2387412500007,-0.4901247,1.650111,-1.2651219
device,3093.2486422500006,-0.48881674,1.6503087,-1.2669122
Gesamt_3Arm,3093.2490216250008,-0.22911,1.5238292,-0.8086429
device,3093.2586445416673,-0.4875382,1.6505207,-1.2687042
device,3093.2688344166672,-0.48629355,1.6507355,-1.2705009
Gesamt_3Arm,3093.272210333334,-0.22937286,1.5238602,-0.80918133
device,3093.278997000001,-0.48510727,1.6509403,-1.2722827
device,3093.288685291667,-0.4839955,1.6511259,-1.2740326
device,3093.298749875001,-0.48292446,1.6513,-1.2758034
Gesamt_3Arm,3093.301980333334,-0.2294569,1.5239528,-0.81110084
device,3093.3086339166675,-0.48190427,1.6514672,-1.277553
device,3093.3185725000008,-0.48088259,1.6516538,-1.2792319
device,3093.3286299166675,-0.4799149,1.6518424,-1.280904
Gesamt_3Arm,3093.3318721250007,-0.22971976,1.5239846,-0.8116435
device,3093.3386513750006,-0.47901398,1.6520295,-1.282555
device,3093.3486561250006,-0.4781785,1.6522082,-1.2841904
device,3093.3586652916674,-0.47740516,1.6523736,-1.2858192
Gesamt_3Arm,3093.361985333334,-0.22998106,1.5240155,-0.8121674
device,3093.3686295000007,-0.47670245,1.6525217,-1.2874234
device,3093.378613666667,-0.47606373,1.6526582,-1.2890149
device,3093.3886202500007,-0.4754815,1.6527907,-1.2905998
Gesamt_3Arm,3093.3920881250006,-0.23033118,1.5240993,-0.81459546
device,3093.398587833334,-0.47493982,1.652938,-1.2921574
device,3093.408572708334,-0.47446406,1.6530755,-1.2936974
device,3093.4186526250005,-0.47404885,1.6531991,-1.2952323
Gesamt_3Arm,3093.428195833334,-0.22968471,1.523938,-0.8128879
device,3093.4286182500005,-0.47369814,1.6533016,-1.2967426
device,3093.4385849166674,-0.47340474,1.6533831,-1.2982367
device,3093.4486369166675,-0.4731663,1.6534466,-1.2997115
Gesamt_3Arm,3093.4520198750006,-0.22992885,1.5239377,-0.8140055
device,3093.4585828750005,-0.47298202,1.6534858,-1.3011595
device,3093.468554875001,-0.47284874,1.6534961,-1.3025831
device,3093.4785996666674,-0.47275335,1.6534791,-1.3039865
Gesamt_3Arm,3093.481533833334,-0.23019958,1.5239761,-0.81452537
device,3093.488622250001,-0.47268748,1.6534387,-1.3053601
device,3093.498592541667,-0.47266084,1.653377,-1.3067104
device,3093.5086130833342,-0.47266567,1.6532936,-1.3080406
Gesamt_3Arm,3093.512040333334,-0.23042858,1.5239,-0.8149941
device,3093.518621583334,-0.4726981,1.6531906,-1.3093424
device,3093.528578708334,-0.4727559,1.6530668,-1.3106254
device,3093.5386516250005,-0.47284222,1.652918,-1.3118918
Gesamt_3Arm,3093.5421312500007,-0.23152518,1.5239896,-0.81738186
device,3093.5485964166674,-0.47295296,1.652751,-1.3131347
device,3093.558561250001,-0.47308505,1.6525662,-1.3143668
device,3093.5686255000005,-0.4732368,1.6523783,-1.3155934
Gesamt_3Arm,3093.5720191666674,-0.23179996,1.5240251,-0.8179
device,3093.578591000001,-0.47336864,1.6522092,-1.3167872
device,3093.5885926250007,-0.4734516,1.6520767,-1.3179445
device,3093.598573083334,-0.47354686,1.6519946,-1.3190637
Gesamt_3Arm,3093.607881333334,-0.2325877,1.5239019,-0.81864864
device,3093.608515541667,-0.47364616,1.6519688,-1.3201319
device,3093.618532416667,-0.47374797,1.6519881,-1.3211665
device,3093.628593458334,-0.47384882,1.6520338,-1.3221637
Gesamt_3Arm,3093.6321832916674,-0.23314023,1.5238796,-0.8192798
device,3093.638604083334,-0.47394776,1.6520852,-1.3231373
device,3093.648564958334,-0.47404516,1.652125,-1.3240919
device,3093.6587562916675,-0.47412848,1.6521391,-1.3250431
Gesamt_3Arm,3093.661616541667,-0.23341227,1.5237403,-0.8189849
device,3093.668570500001,-0.47417116,1.6521201,-1.3259377
device,3093.678553458334,-0.47420523,1.652065,-1.3268383
device,3093.688602625001,-0.47422668,1.6519781,-1.3277494
Gesamt_3Arm,3093.693005333334,-0.23383999,1.5237643,-0.8195923
device,3093.698658083334,-0.47422987,1.6518648,-1.328665
device,3093.708573333334,-0.47421134,1.6517383,-1.3295736
device,3093.718657125001,-0.47418353,1.6516068,-1.3305116
Gesamt_3Arm,3093.722193875001,-0.23421216,1.5236834,-0.819854
device,3093.728612125001,-0.47412798,1.6514887,-1.3314525
device,3093.7385835000005,-0.47403324,1.651399,-1.3323965
device,3093.7485702916674,-0.4738909,1.6513476,-1.3333459
Gesamt_3Arm,3093.7516591250005,-0.23462462,1.5237082,-0.8204483
device,3093.758582458334,-0.4736892,1.6513342,-1.334305
device,3093.7684687500005,-0.47343704,1.651346,-1.3352783
device,3093.7785342916673,-0.47309685,1.6513672,-1.3362696
Gesamt_3Arm,3093.787778958334,-0.23480606,1.5237423,-0.8207927
device,3093.7884841666673,-0.4727202,1.6513767,-1.3372939
device,3093.7985490000005,-0.472291,1.6513785,-1.3383727
device,3093.8085919166674,-0.47181392,1.6513863,-1.3394814
Gesamt_3Arm,3093.8121140000007,-0.23498297,1.5237745,-0.8211285
device,3093.8186038750005,-0.47128123,1.6514164,-1.3406152
device,3093.828531875001,-0.4706955,1.6514764,-1.3417556
device,3093.8385698750008,-0.47004125,1.6515665,-1.3429172
Gesamt_3Arm,3093.8414103750006,-0.23518658,1.5238912,-0.82246196
device,3093.8485237916675,-0.46928668,1.6516771,-1.3440723
device,3093.858557708334,-0.46846735,1.6518078,-1.3452506
device,3093.8685660000006,-0.46759558,1.6519512,-1.3464415
Gesamt_3Arm,3093.8721957500006,-0.2353549,1.5239223,-0.8228067
device,3093.8785606666675,-0.46667218,1.6521052,-1.3476444
device,3093.888552250001,-0.46569714,1.6522666,-1.3488605
device,3093.898972416667,-0.46465927,1.6524364,-1.350103
Gesamt_3Arm,3093.902006583334,-0.23551822,1.5239496,-0.8231179
device,3093.908635375001,-0.46359107,1.6526064,-1.3513371
device,3093.918496458334,-0.46247578,1.6527803,-1.3525815
device,3093.9286085416675,-0.46128494,1.6529578,-1.353836
Gesamt_3Arm,3093.931790750001,-0.23496616,1.5240976,-0.82354426
device,3093.9386407916672,-0.46002623,1.6531401,-1.3550763
device,3093.9485126250006,-0.4587425,1.6533211,-1.3562979
device,3093.958645625001,-0.45739615,1.6535004,-1.3575358
Gesamt_3Arm,3093.9680537916674,-0.23516881,1.52409,-0.82360846
device,3093.968461833334,-0.4560225,1.6536669,-1.3587563
device,3093.9785046666675,-0.45458978,1.6538197,-1.359987
device,3093.988627833334,-0.4530941,1.653952,-1.361228
Gesamt_3Arm,3093.993913458334,-0.23538387,1.52408,-0.8236689
device,3093.998598875001,-0.45156956,1.6540644,-1.3624482
device,3094.0084971666674,-0.44999778,1.6541587,-1.3636597
device,3094.0185616250005,-0.44835097,1.6542315,-1.3648832
Gesamt_3Arm,3094.022229500001,-0.2351048,1.5241218,-0.82483745
device,3094.028596333334,-0.44666025,1.6542805,-1.3660953
device,3094.038518333334,-0.44491172,1.654308,-1.3673017
device,3094.0486112916674,-0.443089,1.6543111,-1.3685069
Gesamt_3Arm,3094.052205208334,-0.23528886,1.5241143,-0.82492983
device,3094.058519750001,-0.441223,1.6543105,-1.3696933
device,3094.068485958334,-0.43927908,1.6543099,-1.3708811
device,3094.078593500001,-0.43724668,1.6543081,-1.3720756
Gesamt_3Arm,3094.0819840416675,-0.23483229,1.5240707,-0.82555777
device,3094.088550958334,-0.4351604,1.6543022,-1.3732605
device,3094.0985667916675,-0.43298683,1.6542935,-1.3744575
device,3094.108577458334,-0.43074608,1.6542808,-1.3756582
Gesamt_3Arm,3094.111618291667,-0.23471487,1.5241045,-0.8268868
device,3094.1185639166674,-0.4284016,1.654272,-1.3768772
device,3094.1284921666675,-0.42592406,1.6542748,-1.3780913
device,3094.1386656250006,-0.42331716,1.6542671,-1.3793545
Gesamt_3Arm,3094.1478259166674,-0.23392951,1.5240601,-0.82699376
device,3094.1484716666673,-0.42072913,1.654247,-1.380601
device,3094.1585174166676,-0.41801888,1.654218,-1.3818998
device,3094.168482958334,-0.41523945,1.6541784,-1.3832254
Gesamt_3Arm,3094.173473250001,-0.23390794,1.5240718,-0.8269695
device,3094.178577333334,-0.41237617,1.6541275,-1.384584
device,3094.1885545000005,-0.40948665,1.6540706,-1.3859514
device,3094.198552375001,-0.40649927,1.6540136,-1.387368
Gesamt_3Arm,3094.201537416667,-0.23300123,1.5240101,-0.82681215
device,3094.208558666667,-0.40344352,1.653951,-1.3888406
device,3094.2184429166673,-0.400354,1.6539147,-1.3903059
device,3094.2284740000005,-0.39716193,1.6538987,-1.3917968
Gesamt_3Arm,3094.231749583334,-0.23241568,1.5240684,-0.8280372
device,3094.238474375001,-0.39391062,1.6538886,-1.3932984
device,3094.2484552083342,-0.3905906,1.6538584,-1.3948256
device,3094.258533916667,-0.3871888,1.6537855,-1.3963997
Gesamt_3Arm,3094.2615162500006,-0.23151171,1.524024,-0.8284615
device,3094.2684506666674,-0.38376424,1.6536605,-1.39801
device,3094.278431833334,-0.38028893,1.6535069,-1.3996673
device,3094.2884929166676,-0.37674582,1.6533725,-1.4013616
Gesamt_3Arm,3094.2916563333342,-0.23148227,1.5240339,-0.82846117
device,3094.298622375001,-0.37314236,1.65331,-1.403066
device,3094.308459458334,-0.36957237,1.6533533,-1.4047333
device,3094.318875416667,-0.36580622,1.6535009,-1.4064465
device,3094.328474833334,-0.36221224,1.6537055,-1.4080437
Gesamt_3Arm,3094.3355842083342,-0.23063147,1.5239961,-0.82913077
device,3094.3384381666674,-0.35848033,1.6539514,-1.4096928
device,3094.348544958334,-0.35467303,1.6542194,-1.4113789
Gesamt_3Arm,3094.3519351666673,-0.22972906,1.5240582,-0.8299612
device,3094.358843958334,-0.35083258,1.654499,-1.4130809
device,3094.3684101250005,-0.34706235,1.6547767,-1.4147525
device,3094.3785586666672,-0.34318924,1.6550547,-1.4164767
Gesamt_3Arm,3094.3813959166673,-0.22873247,1.5241116,-0.8308177
device,3094.388530083334,-0.33934373,1.6553023,-1.4181921
device,3094.3984098750007,-0.3355899,1.65549,-1.4198617
device,3094.408484083334,-0.33178997,1.6556606,-1.4215713
Gesamt_3Arm,3094.411911875001,-0.22869253,1.5241244,-0.83085036
device,3094.418453791667,-0.32798868,1.6558189,-1.423291
device,3094.4283906250007,-0.324216,1.6559736,-1.4250016
device,3094.4384908750008,-0.32038686,1.656136,-1.4267341
Gesamt_3Arm,3094.4419375416674,-0.22767961,1.5241318,-0.8312192
device,3094.4484647916674,-0.31658703,1.656303,-1.428449
device,3094.458496458334,-0.3127964,1.6564691,-1.4301561
device,3094.468426458334,-0.30898154,1.6566269,-1.431874
Gesamt_3Arm,3094.4714936250007,-0.22657394,1.524123,-0.8316128
device,3094.478479708334,-0.30516648,1.6567782,-1.4335933
device,3094.488403125001,-0.30137956,1.656919,-1.4352963
device,3094.498450583334,-0.2975731,1.6570525,-1.4370012
Gesamt_3Arm,3094.507923458334,-0.22540045,1.5240985,-0.8319791
device,3094.508360958334,-0.29380268,1.6571742,-1.4386829
device,3094.5183781250007,-0.2900086,1.6572876,-1.4403653
device,3094.528460000001,-0.2862217,1.6573907,-1.442035
Gesamt_3Arm,3094.5320418750007,-0.2253375,1.5241059,-0.83200026
device,3094.5388451250005,-0.28237662,1.6574852,-1.4437162
device,3094.5484012500006,-0.27871263,1.6575714,-1.4453027
device,3094.5586054166674,-0.2749474,1.6576504,-1.4469159
Gesamt_3Arm,3094.561418083334,-0.22368717,1.5240884,-0.8325279
device,3094.568480333334,-0.27118966,1.6577197,-1.4485022
device,3094.5784305416673,-0.2674594,1.6577656,-1.4500425
device,3094.5884878750007,-0.26371264,1.6577934,-1.4515686
Gesamt_3Arm,3094.5920660416673,-0.22302961,1.5240811,-0.8326511
device,3094.598469166667,-0.2599858,1.6578,-1.4530644
device,3094.608431458334,-0.25628817,1.6577834,-1.4545264
device,3094.618504708334,-0.2525828,1.6577431,-1.4559681
Gesamt_3Arm,3094.622116333334,-0.22193503,1.5240661,-0.83301973
device,3094.628475958334,-0.24889359,1.6576842,-1.4573781
device,3094.638405750001,-0.24524462,1.6576079,-1.4587483
device,3094.648499583334,-0.24159437,1.6575147,-1.4600922
Gesamt_3Arm,3094.651847083334,-0.22185516,1.5240726,-0.8330543
device,3094.6587771250006,-0.23781893,1.6573913,-1.4614676
device,3094.6683522500007,-0.23422754,1.6572393,-1.4628029
device,3094.678423833334,-0.23051822,1.6570637,-1.4641526
device,3094.6884580000005,-0.22683692,1.6568812,-1.4654604
Gesamt_3Arm,3094.688918958334,-0.22080815,1.5240397,-0.8332288
device,3094.698394083334,-0.22322199,1.6566972,-1.4667116
device,3094.708436583334,-0.21960914,1.656513,-1.4679297
Gesamt_3Arm,3094.7118826250007,-0.21969485,1.5240041,-0.83342487
device,3094.718459916667,-0.21604931,1.6563262,-1.4691029
device,3094.728398958334,-0.2125504,1.6561325,-1.4702338
device,3094.738497333334,-0.2090596,1.6559203,-1.4713467
Gesamt_3Arm,3094.7415283750006,-0.2185911,1.5239905,-0.83379346
device,3094.7484920416673,-0.20560905,1.6556919,-1.4724369
device,3094.758431916667,-0.20223135,1.6554457,-1.4734931
device,3094.7684712916675,-0.19889057,1.6551887,-1.474524
Gesamt_3Arm,3094.7720014166675,-0.21798551,1.523991,-0.8340094
device,3094.7784668750005,-0.19559455,1.6549321,-1.4755244
device,3094.788401208334,-0.19238341,1.6546795,-1.4764872
device,3094.798696375001,-0.18914938,1.6544203,-1.4774451
device,3094.8086850416676,-0.18606967,1.65417,-1.4783455
Gesamt_3Arm,3094.817521583334,-0.21694148,1.5239433,-0.8338551
device,3094.818335583334,-0.1830883,1.6539385,-1.479191
device,3094.828460583334,-0.18010685,1.6537256,-1.4799979
Gesamt_3Arm,3094.8315533750006,-0.21634686,1.5239323,-0.8339931
device,3094.838462750001,-0.17719266,1.6535339,-1.4807376
device,3094.848435541667,-0.17430687,1.6533476,-1.4814012
device,3094.8584632916672,-0.17146862,1.653177,-1.4820201
Gesamt_3Arm,3094.8679940000006,-0.21535254,1.5238527,-0.8338771
device,3094.8683606666673,-0.16868532,1.6530263,-1.4825921
device,3094.878411750001,-0.16592896,1.6528995,-1.4831207
device,3094.8885355000007,-0.16317916,1.6527959,-1.4836054
Gesamt_3Arm,3094.8938617500007,-0.21477842,1.5238107,-0.83393306
device,3094.898476708334,-0.16048121,1.6527187,-1.4840376
device,3094.9083792500005,-0.15779996,1.6526587,-1.4844196
device,3094.918467166667,-0.15509671,1.6526148,-1.4847585
Gesamt_3Arm,3094.921377750001,-0.21385491,1.5237465,-0.83371294
device,3094.9284386666673,-0.1524182,1.652595,-1.4850215
device,3094.938375208334,-0.14977598,1.6525985,-1.485187
device,3094.948502708334,-0.14710003,1.6526172,-1.4853033
Gesamt_3Arm,3094.9535763750005,-0.21330488,1.5237333,-0.8337182
device,3094.958390458334,-0.14442599,1.6526333,-1.4853759
device,3094.9684397500005,-0.14171648,1.6526316,-1.4854107
device,3094.978558083334,-0.13897553,1.6526029,-1.4854081
Gesamt_3Arm,3094.9845356250007,-0.21245885,1.5237006,-0.8333845
device,3094.988556083334,-0.13627183,1.6525488,-1.4853649
device,3094.998394833334,-0.13356227,1.6524761,-1.4852762
device,3095.008419583334,-0.13081312,1.6524001,-1.4851263
Gesamt_3Arm,3095.0115408750007,-0.21194112,1.5237015,-0.83333427
device,3095.0183600000005,-0.12805665,1.6523312,-1.4848982
device,3095.0283679166673,-0.1253097,1.6522591,-1.4846072
device,3095.038508750001,-0.12255287,1.652173,-1.4842525
Gesamt_3Arm,3095.047610750001,-0.21108055,1.5237135,-0.83329153
device,3095.048342583334,-0.119818926,1.6520658,-1.483844
device,3095.058378750001,-0.11706245,1.6519295,-1.4833785
device,3095.068366833334,-0.11429006,1.6517643,-1.4828589
Gesamt_3Arm,3095.074479083334,-0.21058238,1.5236893,-0.832988
device,3095.0786718750005,-0.11145687,1.6515685,-1.482276
device,3095.0884149166673,-0.10870826,1.6513542,-1.4816623
device,3095.098415708334,-0.10588759,1.6511086,-1.4809865
Gesamt_3Arm,3095.1014060000007,-0.20972311,1.5236485,-0.8327873
device,3095.1084095416672,-0.10302505,1.6508392,-1.480256
device,3095.1183218750007,-0.10012007,1.6505653,-1.4794672
device,3095.1283984583342,-0.09715697,1.650268,-1.4786227
Gesamt_3Arm,3095.1319581666676,-0.20919311,1.5236535,-0.83273685
device,3095.1383605000005,-0.09420416,1.6499625,-1.4777442
device,3095.148338958334,-0.091208816,1.6496466,-1.4768188
device,3095.158358333334,-0.088171124,1.6493214,-1.4758465
Gesamt_3Arm,3095.1614191250005,-0.20832646,1.5236014,-0.8326062
device,3095.1683721666673,-0.0851129,1.6489888,-1.4748377
device,3095.178367166667,-0.08204937,1.6486518,-1.4737984
device,3095.188441458334,-0.07893717,1.6483065,-1.4727101
Gesamt_3Arm,3095.191611708334,-0.20820081,1.5235997,-0.832609
device,3095.198345666667,-0.07580906,1.6479543,-1.4715904
device,3095.208347916667,-0.07258949,1.6475636,-1.4704111
device,3095.2183916250005,-0.06932899,1.6471633,-1.4692
Gesamt_3Arm,3095.227491750001,-0.20727336,1.5234693,-0.8323975
device,3095.2282760416674,-0.06608337,1.6467549,-1.4679842
device,3095.2383315416673,-0.06278381,1.6463265,-1.4667407
device,3095.2485257500007,-0.059435844,1.6458848,-1.4654694
Gesamt_3Arm,3095.251762958334,-0.20614731,1.5233494,-0.83255684
device,3095.2586434166674,-0.0561063,1.645446,-1.4641925
device,3095.268271000001,-0.052805036,1.6450157,-1.4629111
device,3095.2784110000007,-0.049374994,1.6445893,-1.4615774
Gesamt_3Arm,3095.2813822500007,-0.20500207,1.5232403,-0.832618
device,3095.288359958334,-0.04594788,1.6441644,-1.460219
device,3095.298282625001,-0.042515844,1.6437329,-1.458834
device,3095.3083860416673,-0.03902018,1.6432816,-1.4574006
Gesamt_3Arm,3095.312125000001,-0.20476127,1.5231867,-0.83264023
device,3095.3183020000006,-0.03554058,1.642824,-1.4559531
device,3095.328406083334,-0.0320158,1.6423693,-1.4544544
device,3095.3383675000005,-0.028477669,1.6419463,-1.4529077
Gesamt_3Arm,3095.341570958334,-0.20376158,1.5230321,-0.8324292
device,3095.3483381250007,-0.024931522,1.6415817,-1.4512991
device,3095.358420166667,-0.021340609,1.6412928,-1.4495999
device,3095.3683447916674,-0.01775515,1.6410948,-1.4478223
Gesamt_3Arm,3095.3735854166675,-0.20258069,1.5228648,-0.8326103
device,3095.3786221666674,-0.014103146,1.6409947,-1.4459321
device,3095.388371083334,-0.010511041,1.6410005,-1.4440056
device,3095.398353166667,-0.006811443,1.641111,-1.4419595
Gesamt_3Arm,3095.4075200416673,-0.201303,1.522732,-0.83258975
device,3095.408264750001,-0.003113094,1.6413096,-1.4398745
device,3095.4183256250008,0.0006520123,1.6415735,-1.437721
device,3095.428339583334,0.0043997765,1.6418594,-1.435564
Gesamt_3Arm,3095.4319162500005,-0.20092928,1.5227025,-0.8327372
device,3095.4386690000006,0.008206964,1.6421187,-1.433373
device,3095.448397458334,0.01186502,1.6422749,-1.4312861
device,3095.4583951250006,0.015566707,1.6422684,-1.4292159
Gesamt_3Arm,3095.4615198750007,-0.19962275,1.5227699,-0.83303756
device,3095.4682912500007,0.019233704,1.6420673,-1.4272337
device,3095.4783440416672,0.022971392,1.6417043,-1.4253012
device,3095.4884820000007,0.026728896,1.6412108,-1.4234407
Gesamt_3Arm,3095.4920241666673,-0.19799054,1.5230149,-0.8339846
device,3095.4983043750008,0.030329823,1.6407156,-1.4216925
device,3095.5083900833342,0.0339607,1.6402903,-1.4199169
device,3095.518374625001,0.037526518,1.6400119,-1.4181234
Gesamt_3Arm,3095.5219424166676,-0.19641113,1.5232568,-0.8344451
device,3095.528466625001,0.041034937,1.639896,-1.416297
device,3095.5384116250007,0.044435382,1.6399049,-1.4144888
device,3095.5483025416675,0.04783964,1.6399807,-1.4126875
Gesamt_3Arm,3095.553507041667,-0.19606757,1.5232562,-0.8346187
device,3095.5582767083342,0.05129087,1.6401091,-1.4109218
device,3095.568298958334,0.05476737,1.6402661,-1.4092121
device,3095.578295958334,0.058236543,1.6404543,-1.4075708
device,3095.5883075416673,0.06171775,1.6406821,-1.4059756
Gesamt_3Arm,3095.588663583334,-0.19418752,1.5235146,-0.83350563
device,3095.598322250001,0.06522381,1.6409577,-1.4044081
device,3095.608313500001,0.0687359,1.6412886,-1.4028599
Gesamt_3Arm,3095.611959250001,-0.19324481,1.523623,-0.83284557
device,3095.618284333334,0.072250515,1.6416674,-1.4013175
device,3095.6283636250005,0.075797796,1.6420896,-1.3997555
device,3095.638467958334,0.07934642,1.6425372,-1.3981748
Gesamt_3Arm,3095.641819000001,-0.19155717,1.5239025,-0.8323637
device,3095.648351833334,0.082895875,1.6430016,-1.3965616
device,3095.6583503750007,0.08650446,1.6434709,-1.3948917
device,3095.6682445000006,0.09015608,1.6438987,-1.393203
Gesamt_3Arm,3095.671969333334,-0.19059134,1.5240027,-0.83172774
device,3095.6783368750007,0.093854785,1.6443056,-1.3914526
device,3095.688313750001,0.09755722,1.6446728,-1.3896617
device,3095.6983031250006,0.10128349,1.644994,-1.387819
Gesamt_3Arm,3095.701646958334,-0.18886185,1.524141,-0.8311161
device,3095.7083327916675,0.10503903,1.6452692,-1.3859186
device,3095.718381625001,0.10884431,1.6455052,-1.3839506
device,3095.728334416667,0.112611294,1.6457047,-1.381957
Gesamt_3Arm,3095.7315514166676,-0.1879965,1.5241345,-0.83014274
device,3095.738282250001,0.11645928,1.64588,-1.379871
device,3095.7483591250007,0.12043053,1.6460314,-1.3776689
device,3095.758311458334,0.12441093,1.6461444,-1.3754276
Gesamt_3Arm,3095.767304458334,-0.18624806,1.5242542,-0.8298149
device,3095.768264208334,0.12844837,1.646212,-1.3731284
device,3095.778288000001,0.13254166,1.6462309,-1.3707885
device,3095.7883041250006,0.13667345,1.6461987,-1.3684287
Gesamt_3Arm,3095.793538541667,-0.18529868,1.5243063,-0.8294561
device,3095.7982685000006,0.1408596,1.646124,-1.3660424
device,3095.8084072500005,0.1451416,1.6460161,-1.3636074
device,3095.818200750001,0.14940184,1.6458962,-1.3612034
Gesamt_3Arm,3095.821251833334,-0.1838957,1.5243102,-0.8283254
device,3095.828341333334,0.15380847,1.6457775,-1.3587725
device,3095.838198333334,0.15819633,1.6456376,-1.3563476
device,3095.8482768750005,0.16267037,1.6454669,-1.3538756
Gesamt_3Arm,3095.8519329166675,-0.18278635,1.524365,-0.8281189
device,3095.858240208334,0.16715264,1.6452599,-1.3514088
device,3095.8682252500007,0.17168596,1.6450168,-1.348928
device,3095.878243208334,0.17625976,1.6447463,-1.3464444
Gesamt_3Arm,3095.8816926250006,-0.1810447,1.5243623,-0.82741344
device,3095.888459458334,0.18090904,1.6444366,-1.3439431
device,3095.898211458334,0.18551898,1.6440895,-1.341496
device,3095.9083301250007,0.19023669,1.6436883,-1.3390429
Gesamt_3Arm,3095.911586500001,-0.18004131,1.5243899,-0.82698166
device,3095.918231833334,0.19498062,1.6432455,-1.336637
device,3095.928286375001,0.19981468,1.6427747,-1.3342557
device,3095.9382881666675,0.20468739,1.6423119,-1.3318659
Gesamt_3Arm,3095.9475128750005,-0.17850423,1.5244246,-0.8256531
device,3095.9482230416675,0.20951629,1.6419241,-1.3294814
device,3095.9582392500006,0.21437544,1.6416727,-1.3270249
device,3095.9683599166674,0.2192893,1.6415693,-1.3244462
Gesamt_3Arm,3095.971910208334,-0.17775273,1.5244888,-0.8246182
device,3095.978578916667,0.22412133,1.6415557,-1.3218095
device,3095.9882683750006,0.22886205,1.641551,-1.319171
device,3095.9982378750005,0.2336809,1.6414939,-1.3164823
Gesamt_3Arm,3096.0012416250006,-0.17627156,1.5246768,-0.8231252
device,3096.008302708334,0.23859254,1.6413691,-1.313738
device,3096.0181656666673,0.2434963,1.6412174,-1.3109739
device,3096.0282466250005,0.24842691,1.641043,-1.3081691
Gesamt_3Arm,3096.035025625001,-0.17480099,1.5248147,-0.8216519
device,3096.038215708334,0.2533183,1.6408778,-1.305336
device,3096.048226708334,0.25814223,1.6407672,-1.3024724
device,3096.0582752916675,0.26291668,1.6407527,-1.2995446
Gesamt_3Arm,3096.061753958334,-0.1739862,1.5249408,-0.8206948
device,3096.068399625001,0.26764324,1.6408604,-1.2965375
device,3096.078233083334,0.27222624,1.6410913,-1.2935104
device,3096.0881735416674,0.27676097,1.6414263,-1.2904242
Gesamt_3Arm,3096.0913212916676,-0.17321086,1.5250846,-0.81981665
device,3096.0981886666673,0.28125155,1.6418109,-1.2873341
device,3096.1082352500007,0.28568855,1.642229,-1.2842371
device,3096.1181452500005,0.29004398,1.6426386,-1.2811849
Gesamt_3Arm,3096.127390875001,-0.17174757,1.5253241,-0.8184328
device,3096.128187500001,0.2943592,1.6430112,-1.2781713
device,3096.138307333334,0.29863954,1.6433182,-1.2752051
device,3096.148550708334,0.30290595,1.6435516,-1.2722687
Gesamt_3Arm,3096.1544324166675,-0.17076683,1.5254618,-0.8176207
device,3096.1581995416673,0.30692986,1.6437149,-1.2695017
device,3096.168326583334,0.31101662,1.6438419,-1.2666657
device,3096.178159041667,0.31490865,1.6439459,-1.2639098
Gesamt_3Arm,3096.1812055000005,-0.16946805,1.525621,-0.816198
device,3096.188275291667,0.31878054,1.6440393,-1.2611092
device,3096.198182750001,0.32251334,1.644127,-1.2583209
device,3096.2082512500006,0.3261855,1.644228,-1.255474
Gesamt_3Arm,3096.212391875001,-0.16850972,1.525724,-0.8154459
device,3096.2181930000006,0.3297198,1.6443508,-1.252614
device,3096.2281682916673,0.33313036,1.6444994,-1.2497253
device,3096.2384628750006,0.33651114,1.6446685,-1.2467308
Gesamt_3Arm,3096.2418660416674,-0.16686547,1.5258212,-0.81445503
device,3096.248385583334,0.33971453,1.644836,-1.2437768
device,3096.258313208334,0.34282887,1.6449986,-1.2408023
device,3096.268375458334,0.34590387,1.6451547,-1.2377667
Gesamt_3Arm,3096.2732837916674,-0.1660403,1.5258543,-0.81360614
device,3096.2782846250007,0.3488591,1.6453043,-1.2347571
device,3096.288192708334,0.35173392,1.6454561,-1.2317269
device,3096.298278833334,0.35457507,1.6456149,-1.2285908
Gesamt_3Arm,3096.307160083334,-0.16465807,1.5259767,-0.81252015
device,3096.308150125001,0.35728335,1.6457666,-1.2254555
device,3096.3181770000006,0.35996032,1.645903,-1.2222147
device,3096.328240500001,0.36256027,1.6460035,-1.218922
Gesamt_3Arm,3096.334525833334,-0.16334951,1.5260231,-0.81123745
device,3096.338185041667,0.36509144,1.6460503,-1.2155743
device,3096.348208958334,0.3675561,1.6460255,-1.2121825
device,3096.3582040000006,0.36998165,1.6459196,-1.208742
Gesamt_3Arm,3096.3612037916673,-0.1630454,1.5259862,-0.81003463
device,3096.3681481250005,0.37235916,1.6457382,-1.2053275
device,3096.378199791667,0.37467957,1.6454805,-1.2018566
device,3096.388238291667,0.3769487,1.64516,-1.1983106
Gesamt_3Arm,3096.392449458334,-0.1622957,1.526,-0.8092902
device,3096.3982138750007,0.37913874,1.6447942,-1.194712
device,3096.408153666667,0.38125658,1.6443954,-1.1910467
device,3096.418304666667,0.38334528,1.6439561,-1.187233
Gesamt_3Arm,3096.4217761250006,-0.16130996,1.5258936,-0.8077656
device,3096.4284829166672,0.385342,1.6434859,-1.1833893
device,3096.4381710416674,0.38723615,1.6429884,-1.1795479
device,3096.448427333334,0.38914946,1.6424311,-1.1754624
Gesamt_3Arm,3096.4551551250006,-0.16039956,1.5257424,-0.8060219
device,3096.458469916667,0.3909279,1.641854,-1.1714678
device,3096.468141666667,0.39267159,1.6412306,-1.1673818
device,3096.478615000001,0.39445972,1.6405269,-1.1630878
device,3096.488245708334,0.39611614,1.6398207,-1.1589075
Gesamt_3Arm,3096.493603333334,-0.15964282,1.5256871,-0.8052722
device,3096.498168750001,0.3977387,1.6390755,-1.1546034
device,3096.5082910416672,0.3993106,1.6382962,-1.1502113
Gesamt_3Arm,3096.514251583334,-0.159212,1.5256107,-0.8043686
device,3096.518372166667,0.40084517,1.6374711,-1.1457038
device,3096.528164666667,0.4022957,1.6366289,-1.1412387
device,3096.5381779166673,0.40370852,1.6357511,-1.1366886
Gesamt_3Arm,3096.541210833334,-0.15810394,1.5254787,-0.80295473
device,3096.5482040416673,0.40506625,1.6348441,-1.1320646
device,3096.5581484166673,0.40628734,1.6339184,-1.1274723
device,3096.568104291667,0.40747118,1.6329812,-1.122831
Gesamt_3Arm,3096.5731497500005,-0.15739334,1.5254259,-0.8021892
device,3096.578159583334,0.40860963,1.6320455,-1.1181586
device,3096.588245416667,0.409704,1.631124,-1.1134387
device,3096.598121833334,0.4107316,1.6302446,-1.1087503
Gesamt_3Arm,3096.601633708334,-0.15634644,1.5253059,-0.80087036
device,3096.608142208334,0.41170847,1.6294069,-1.1040084
device,3096.6180802500007,0.41261995,1.6286337,-1.0992634
device,3096.628117333334,0.413473,1.6279472,-1.094497
Gesamt_3Arm,3096.6314791666673,-0.15511632,1.5253323,-0.8004819
device,3096.638159083334,0.41426826,1.627387,-1.0897061
device,3096.6482009166675,0.41496634,1.6269243,-1.0848835
device,3096.658499333334,0.4155687,1.6265655,-1.0799661
Gesamt_3Arm,3096.6671692916675,-0.15356219,1.525205,-0.7991627
device,3096.6680146250005,0.41605127,1.6263262,-1.0751905
device,3096.6781472500006,0.41645315,1.6261709,-1.0702342
device,3096.688141583334,0.41676116,1.6260839,-1.065263
Gesamt_3Arm,3096.691581958334,-0.15230894,1.5251377,-0.79851216
device,3096.6981149166672,0.41699186,1.6260093,-1.0602959
device,3096.708200166667,0.417167,1.6259242,-1.0552946
device,3096.718096583334,0.4173051,1.6258752,-1.0503242
Gesamt_3Arm,3096.721123791667,-0.15114367,1.5249512,-0.797029
device,3096.7281831666673,0.41740608,1.6259623,-1.0452807
device,3096.738074458334,0.4173913,1.6262805,-1.0402169
device,3096.7481595416675,0.41721824,1.626806,-1.0350442
Gesamt_3Arm,3096.7515963750006,-0.15059972,1.5249376,-0.7969108
device,3096.758050708334,0.41692263,1.6274151,-1.0299321
device,3096.7680765000005,0.4165808,1.6279838,-1.024806
device,3096.7783217500005,0.4162562,1.6284417,-1.0196537
Gesamt_3Arm,3096.7813490416675,-0.14938033,1.5250014,-0.79553527
device,3096.7881152916675,0.41600752,1.6287572,-1.0147669
device,3096.798219916667,0.4158126,1.6289871,-1.0098351
device,3096.8080990416674,0.41563952,1.6291884,-1.0050894
Gesamt_3Arm,3096.811148083334,-0.1482538,1.5249512,-0.7940604
device,3096.818064166667,0.41543984,1.6294459,-1.000427
device,3096.828119250001,0.41522336,1.6297717,-0.99585426
device,3096.838111083334,0.41497532,1.6302025,-0.9913239
Gesamt_3Arm,3096.847429125001,-0.14795148,1.5251753,-0.7926638
device,3096.8480370416673,0.41469574,1.6307418,-0.98688525
device,3096.858129208334,0.41438305,1.6313909,-0.98243284
device,3096.868067541667,0.41405368,1.6321124,-0.9780754
Gesamt_3Arm,3096.871835541667,-0.14795041,1.5253724,-0.79194415
device,3096.8780984166674,0.4137113,1.6328926,-0.9737609
device,3096.8881840416675,0.41337207,1.6337134,-0.9694885
device,3096.898170416667,0.41305104,1.6345537,-0.9653011
Gesamt_3Arm,3096.9017880000006,-0.1476314,1.5257144,-0.79053086
device,3096.9081162500006,0.4127733,1.6354214,-0.9612158
device,3096.9181092500007,0.41251993,1.6362644,-0.95717925
device,3096.9281057500007,0.41230142,1.6370695,-0.95321894
Gesamt_3Arm,3096.933195833334,-0.14758837,1.5258666,-0.7898115
device,3096.9380997500007,0.41210797,1.6378481,-0.94931525
device,3096.9481570416674,0.41192085,1.6386199,-0.9454304
device,3096.9583430000007,0.41172472,1.6393914,-0.9415421
Gesamt_3Arm,3096.9631652916673,-0.14746606,1.5261633,-0.78830177
device,3096.9680221250005,0.4115167,1.6401381,-0.93773806
device,3096.9781445416675,0.4112916,1.6408706,-0.9338689
device,3096.988134083334,0.4110669,1.6415523,-0.9299864
Gesamt_3Arm,3096.9912950416674,-0.14732301,1.5263014,-0.78758854
device,3096.998084708334,0.41087186,1.642156,-0.92609775
device,3097.0080816250006,0.41068625,1.6426734,-0.9221758
device,3097.018232416667,0.41050982,1.6431074,-0.91818786
Gesamt_3Arm,3097.0275147500006,-0.14716971,1.526397,-0.7859655
device,3097.0282222083342,0.41034698,1.6434537,-0.91422975
device,3097.038038958334,0.41019356,1.6437317,-0.91025865
device,3097.048177625001,0.4100442,1.6439573,-0.9061816
Gesamt_3Arm,3097.051592791667,-0.14697051,1.526443,-0.7851869
device,3097.058039041667,0.40990567,1.644132,-0.9021415
device,3097.0681986666673,0.40977705,1.6442688,-0.8979996
device,3097.078283125001,0.40964952,1.6443647,-0.8938236
Gesamt_3Arm,3097.081524833334,-0.14677656,1.5265187,-0.78357595
device,3097.088691125001,0.40951866,1.6444068,-0.8894371
device,3097.0981659166673,0.40942243,1.6444305,-0.88531905
device,3097.108256083334,0.40934372,1.6444476,-0.88097334
Gesamt_3Arm,3097.114108500001,-0.14654636,1.5265763,-0.78278244
device,3097.118063458334,0.40929198,1.6444565,-0.87662506
device,3097.128284083334,0.40926647,1.644454,-0.8721841
device,3097.1383047916675,0.40926933,1.6444426,-0.8677213
Gesamt_3Arm,3097.142322875001,-0.14647031,1.5265732,-0.78118074
device,3097.148394083334,0.40929925,1.6444271,-0.86320126
device,3097.158291333334,0.40935412,1.6444045,-0.85868263
device,3097.1682862500006,0.40945104,1.6443864,-0.8540502
Gesamt_3Arm,3097.171800333334,-0.14622927,1.5266204,-0.780378
device,3097.178307625001,0.40962142,1.6443887,-0.8494175
device,3097.1882635000006,0.40981293,1.6443774,-0.8447104
device,3097.1982615416673,0.4100225,1.6443532,-0.83996713
Gesamt_3Arm,3097.207520083334,-0.1458149,1.5266765,-0.77872175
device,3097.2079562916674,0.41025266,1.6443157,-0.8352527
device,3097.217964583334,0.41050637,1.6442688,-0.83040583
device,3097.228064250001,0.4107777,1.6442155,-0.8255017
Gesamt_3Arm,3097.2315464166672,-0.14549863,1.5267016,-0.7778906
device,3097.238434000001,0.4110675,1.6441541,-0.8204812
device,3097.248126291667,0.41136461,1.6440804,-0.8155901
device,3097.258055833334,0.4116837,1.6439881,-0.8105821
Gesamt_3Arm,3097.261131500001,-0.14507711,1.5266825,-0.7761497
device,3097.2681122916674,0.41202706,1.6438725,-0.8054798
device,3097.2780012916674,0.4123912,1.6437349,-0.8004024
device,3097.2881291250005,0.41278318,1.6435767,-0.7952087
Gesamt_3Arm,3097.291511208334,-0.1447289,1.5266633,-0.77526623
device,3097.298026708334,0.41319504,1.6433963,-0.78997207
device,3097.3080275416673,0.41365373,1.6431624,-0.7845006
device,3097.317984375001,0.4141431,1.6429242,-0.77898216
Gesamt_3Arm,3097.321312708334,-0.14439476,1.5265719,-0.77336574
device,3097.328296583334,0.41466165,1.6426848,-0.77333724
device,3097.337975708334,0.41287804,1.6419472,-0.7722549
Gesamt_3Arm,3097.338271208334,-0.14670062,1.5260451,-0.7770319
device,3097.3480397916674,0.41344643,1.6417089,-0.76657325
Gesamt_3Arm,3097.352931000001,-0.14634943,1.5260179,-0.7760499
device,3097.3580143750005,0.4140556,1.6414722,-0.7608833
device,3097.3680371250007,0.4146834,1.6412331,-0.75510013
device,3097.3780052500006,0.415319,1.6410016,-0.74931556
device,3097.387990583334,0.41596654,1.640788,-0.74347544
Gesamt_3Arm,3097.388305958334,-0.1461196,1.5259705,-0.77392375
device,3097.398096833334,0.41662002,1.6406025,-0.73755944
device,3097.4083736666676,0.4172927,1.6404586,-0.7314348
Gesamt_3Arm,3097.411551333334,-0.14584756,1.5260053,-0.7728313
device,3097.4179531250006,0.41792148,1.6403759,-0.72565234
device,3097.428116833334,0.4185691,1.6403273,-0.7196093
device,3097.4379866250006,0.41921774,1.640289,-0.7136207
Gesamt_3Arm,3097.441225166667,-0.14558852,1.5260961,-0.7706562
device,3097.4480591666675,0.41989982,1.6402322,-0.7075387
device,3097.458033208334,0.42060617,1.6401721,-0.701506
device,3097.4680481250007,0.42131987,1.6401546,-0.6953908
Gesamt_3Arm,3097.472290333334,-0.14540696,1.5261703,-0.7695416
device,3097.478000041667,0.4219352,1.6402243,-0.689288
device,3097.4880441250007,0.42251682,1.6404003,-0.6831472
device,3097.498050833334,0.42305833,1.6406624,-0.6769918
Gesamt_3Arm,3097.5017255416674,-0.14601338,1.5262698,-0.76740885
device,3097.5082686250007,0.42357826,1.6409757,-0.6708106
device,3097.517963500001,0.4240783,1.6413037,-0.66477144
device,3097.528057000001,0.42459074,1.6416668,-0.6586189
Gesamt_3Arm,3097.5311970416674,-0.14560497,1.5264202,-0.766258
device,3097.5380407500006,0.4251119,1.6420847,-0.65250725
device,3097.5480572500005,0.42560095,1.6425587,-0.6463796
device,3097.5580067083342,0.4260532,1.6430786,-0.6402834
Gesamt_3Arm,3097.5672690000006,-0.1456368,1.5265894,-0.76390207
device,3097.5679275416674,0.42648143,1.643634,-0.6342017
device,3097.5779741666674,0.42689347,1.6442066,-0.62814695
device,3097.588109208334,0.42729425,1.6448035,-0.622045
Gesamt_3Arm,3097.591728458334,-0.14594221,1.5266823,-0.7626876
device,3097.5981406250007,0.42767465,1.6454082,-0.6160254
device,3097.6080610416675,0.42803347,1.6460097,-0.6101005
device,3097.617957000001,0.42837882,1.6466043,-0.6041777
Gesamt_3Arm,3097.6209876250005,-0.14590883,1.5269216,-0.76045233
device,3097.6281142500006,0.4287176,1.6471632,-0.5982633
device,3097.6379794166673,0.42906594,1.6476289,-0.5925173
device,3097.648038833334,0.4294219,1.6480411,-0.58676153
Gesamt_3Arm,3097.6517301250005,-0.1458497,1.527056,-0.7592412
device,3097.657997708334,0.42977005,1.6483928,-0.5811173
device,3097.6680026666672,0.43010703,1.6486965,-0.5754911
device,3097.678034333334,0.43041205,1.6489633,-0.5699821
Gesamt_3Arm,3097.6814826666673,-0.14582193,1.5272164,-0.7571223
device,3097.6881102500006,0.43067396,1.6492065,-0.56452286
device,3097.697971208334,0.4308807,1.6494282,-0.559184
device,3097.7080436666674,0.4310398,1.6496271,-0.55384666
Gesamt_3Arm,3097.7113295416675,-0.14578915,1.5273021,-0.7559791
device,3097.717943333334,0.4311415,1.6497923,-0.5485972
device,3097.728169458334,0.43118572,1.6499301,-0.5433613
device,3097.7380080000007,0.43116522,1.6500449,-0.5383003
Gesamt_3Arm,3097.747369583334,-0.14562345,1.5273892,-0.7539059
device,3097.747901458334,0.43107665,1.6501485,-0.5333025
device,3097.7580643750007,0.43090558,1.6502576,-0.52827686
device,3097.768170833334,0.43065074,1.6503758,-0.52335
Gesamt_3Arm,3097.7720667916674,-0.14581215,1.5274123,-0.7528894
device,3097.7779860000005,0.43031326,1.6505054,-0.51855946
device,3097.7881119166673,0.42987716,1.6506538,-0.51369655
device,3097.7980509166673,0.42937222,1.6508001,-0.5090365
Gesamt_3Arm,3097.801329250001,-0.1456443,1.5274973,-0.75084215
device,3097.8079705000005,0.4287728,1.6509438,-0.5043407
device,3097.817931333334,0.4280529,1.6510595,-0.49954253
device,3097.8279307916673,0.42725566,1.6511724,-0.49481443
Gesamt_3Arm,3097.832002458334,-0.14569163,1.527541,-0.7497874
device,3097.837958208334,0.42637902,1.6512731,-0.49012816
device,3097.8479490416676,0.42542627,1.6513474,-0.48547065
device,3097.858563083334,0.4243616,1.6513802,-0.480654
Gesamt_3Arm,3097.8633169166674,-0.14597929,1.5275729,-0.74794495
device,3097.8680166250006,0.4233353,1.6513623,-0.47631282
device,3097.878199458334,0.42218387,1.6512952,-0.47173885
device,3097.8885780000005,0.42094553,1.6511822,-0.46713656
Gesamt_3Arm,3097.893049083334,-0.14612818,1.5275923,-0.7469782
device,3097.898054583334,0.41971427,1.6510435,-0.46285513
device,3097.907889083334,0.418355,1.6508785,-0.458439
device,3097.917845333334,0.41690075,1.6506906,-0.45402968
device,3097.927932875001,0.41535497,1.6504734,-0.44965088
Gesamt_3Arm,3097.9282870000006,-0.14665079,1.5275261,-0.7454184
device,3097.9379328750006,0.41373074,1.650217,-0.44531637
device,3097.947969083334,0.41202402,1.6499133,-0.4410094
Gesamt_3Arm,3097.9532755000005,-0.14711487,1.5274621,-0.74470043
device,3097.9579277500006,0.41025713,1.6495662,-0.43677548
device,3097.9679296250006,0.40840137,1.6491735,-0.43254673
device,3097.9780369166674,0.40646484,1.648749,-0.4283602
Gesamt_3Arm,3097.9814824166674,-0.14789212,1.5272759,-0.74324816
device,3097.9879458750006,0.40447927,1.6483003,-0.42427385
device,3097.997928458334,0.40239275,1.6478175,-0.42016438
device,3098.0079366666673,0.4002246,1.6473032,-0.41604647
Gesamt_3Arm,3098.0116532500006,-0.1483339,1.5271726,-0.74248874
device,3098.017822500001,0.39800084,1.6467581,-0.41199616
device,3098.027921000001,0.39568067,1.6461734,-0.40793467
device,3098.0379980416674,0.3932945,1.6455641,-0.4039244
Gesamt_3Arm,3098.0414083750006,-0.14894247,1.5269496,-0.7408568
device,3098.048635083334,0.39072943,1.6449115,-0.39979118
device,3098.057937833334,0.38833833,1.6443145,-0.3960979
device,3098.0678295416674,0.3857535,1.643678,-0.3922611
Gesamt_3Arm,3098.071334958334,-0.14933145,1.5268214,-0.74001336
device,3098.077922708334,0.3830582,1.6430167,-0.38841367
device,3098.0878923750006,0.38025856,1.6423227,-0.3845486
device,3098.0978840000007,0.3773717,1.6416214,-0.38071662
Gesamt_3Arm,3098.1072665416673,-0.15035093,1.5264657,-0.7385059
device,3098.107836333334,0.3744263,1.6409253,-0.37695706
device,3098.1178827500007,0.3713808,1.6402098,-0.37321323
device,3098.1283867500006,0.3681717,1.6394434,-0.36939955
Gesamt_3Arm,3098.1325326250007,-0.15086162,1.5262508,-0.7376826
device,3098.1379406666674,0.3651743,1.6387011,-0.36594146
device,3098.1478915416674,0.3620267,1.6378968,-0.3624149
device,3098.157901833334,0.35881317,1.637061,-0.35890448
Gesamt_3Arm,3098.161016708334,-0.15206099,1.5257438,-0.73628855
device,3098.1678137916674,0.355608,1.6362557,-0.355451
device,3098.177883583334,0.35232055,1.6354492,-0.35204995
device,3098.1878452083342,0.3489902,1.6346675,-0.34875625
Gesamt_3Arm,3098.191462708334,-0.15264165,1.5255094,-0.7355163
device,3098.197874208334,0.34558952,1.6339107,-0.34554422
device,3098.208140833334,0.34207177,1.6331778,-0.3423683
device,3098.2182084166675,0.33852965,1.6325306,-0.3393117
Gesamt_3Arm,3098.222485083334,-0.15385735,1.5251051,-0.7341671
device,3098.2281720000005,0.33497226,1.6320567,-0.3363893
device,3098.2381417500005,0.33128238,1.6318591,-0.33352757
device,3098.2478475000007,0.32754424,1.632008,-0.33082336
Gesamt_3Arm,3098.2534107500005,-0.15457165,1.5249532,-0.7335219
device,3098.2578942916675,0.3236029,1.6324899,-0.32818252
device,3098.2678065000005,0.31956887,1.6332136,-0.32561064
device,3098.277866583334,0.3154961,1.6340572,-0.3229332
device,3098.287871166667,0.3114939,1.6348838,-0.3202789
Gesamt_3Arm,3098.2965197500007,-0.15582335,1.5250714,-0.73224473
device,3098.2977932916674,0.30762476,1.635583,-0.31763196
device,3098.308142458334,0.30382898,1.6361082,-0.31487775
Gesamt_3Arm,3098.314987500001,-0.15663886,1.5251418,-0.7316254
device,3098.3178601250006,0.30035093,1.6364335,-0.312152
device,3098.3278532916675,0.2970164,1.6366363,-0.3093553
device,3098.3381181666673,0.29371434,1.6368128,-0.3064643
Gesamt_3Arm,3098.3407791666673,-0.15795529,1.5252964,-0.7304555
device,3098.347904333334,0.29062998,1.6370416,-0.30372182
device,3098.3578187500007,0.2875549,1.6373965,-0.30093044
device,3098.367841333334,0.284434,1.6379055,-0.2982058
Gesamt_3Arm,3098.371314833334,-0.15876043,1.5254676,-0.7299887
device,3098.3778802500005,0.2812852,1.638539,-0.29556438
device,3098.387821458334,0.27813554,1.6392363,-0.29298925
device,3098.3978472500007,0.2749809,1.6399382,-0.29042977
Gesamt_3Arm,3098.401081833334,-0.16003776,1.5256026,-0.7288887
device,3098.407908625001,0.27184227,1.6406012,-0.2878647
device,3098.417772791667,0.26876915,1.6411952,-0.28531617
device,3098.427881458334,0.2657079,1.6417451,-0.2827252
Gesamt_3Arm,3098.431031208334,-0.16085076,1.5255262,-0.7284138
device,3098.4379021666673,0.26266688,1.642285,-0.28009897
device,3098.447832708334,0.25967586,1.642764,-0.27750933
device,3098.4578783750007,0.256683,1.6431975,-0.27491093
Gesamt_3Arm,3098.4664382500005,-0.16183698,1.5256582,-0.7271901
device,3098.4679071250007,0.25372437,1.6435866,-0.27233773
device,3098.4778221666675,0.25079194,1.6439465,-0.26979703
device,3098.4878174166674,0.24784899,1.6442944,-0.2672728
Gesamt_3Arm,3098.491365333334,-0.16224492,1.5258882,-0.72646224
device,3098.4979273750005,0.24488392,1.6446416,-0.26477122
device,3098.5078116666673,0.24194705,1.6449908,-0.26234666
device,3098.5178007916675,0.23894489,1.6453576,-0.25992265
Gesamt_3Arm,3098.520906500001,-0.1635232,1.5262198,-0.72539216
device,3098.5279475416673,0.23586905,1.6457478,-0.25744307
device,3098.5378901666672,0.23282051,1.6461219,-0.2550375
device,3098.547825208334,0.22974125,1.6464669,-0.25265157
Gesamt_3Arm,3098.551296208334,-0.16407692,1.5263926,-0.7247851
device,3098.557822833334,0.22665119,1.6467648,-0.25028688
device,3098.5677575416676,0.22355276,1.6470015,-0.24794099
device,3098.577843875001,0.22044078,1.6471782,-0.24560001
Gesamt_3Arm,3098.5810681250005,-0.16542661,1.5264772,-0.72373307
device,3098.5879142500007,0.21731192,1.6473013,-0.24326575
device,3098.597797000001,0.21419835,1.6473823,-0.24094799
device,3098.607820208334,0.2110126,1.6474371,-0.23853853
Gesamt_3Arm,3098.6109869166676,-0.16606522,1.52658,-0.7231655
device,3098.618022958334,0.2077837,1.6474609,-0.23611799
device,3098.6277884166675,0.2046403,1.6474534,-0.23376933
device,3098.637827583334,0.20143831,1.647412,-0.23137566
Gesamt_3Arm,3098.6467455416673,-0.16718769,1.5264486,-0.72151875
device,3098.647972083334,0.1982303,1.6473436,-0.22897348
device,3098.6577646666674,0.19505256,1.6472627,-0.22659436
device,3098.6677542916673,0.1918348,1.6471732,-0.22418639
Gesamt_3Arm,3098.671334583334,-0.1675365,1.5263323,-0.7203123
device,3098.6781015000006,0.18855798,1.6470791,-0.2217356
device,3098.6882412916675,0.18522227,1.6469796,-0.21923995
device,3098.6978066666675,0.18212032,1.646882,-0.21691552
Gesamt_3Arm,3098.701267291667,-0.16874087,1.5261713,-0.7187258
device,3098.7079109166675,0.17883456,1.6467758,-0.21444792
device,3098.717709958334,0.17559105,1.646678,-0.21198848
device,3098.727877333334,0.17228043,1.6466156,-0.20939559
Gesamt_3Arm,3098.731374166667,-0.16913283,1.5260391,-0.71755624
device,3098.737769541667,0.16897893,1.6465802,-0.20681244
device,3098.7477519166673,0.16564453,1.646577,-0.20421201
device,3098.7578388750007,0.16225815,1.6466072,-0.20158103
Gesamt_3Arm,3098.7613098750007,-0.17044914,1.525873,-0.71608716
device,3098.7677544166672,0.15887415,1.6466657,-0.19896284
device,3098.777783208334,0.15544432,1.6467432,-0.19631976
device,3098.787820208334,0.15198386,1.646833,-0.19366899
Gesamt_3Arm,3098.7909801250007,-0.17082405,1.5257577,-0.7149014
device,3098.7978113750005,0.14844146,1.6469223,-0.19098729
device,3098.8077856666673,0.14467216,1.6469712,-0.18819994
device,3098.817764333334,0.14084983,1.6470472,-0.18540835
Gesamt_3Arm,3098.8274683750005,-0.17248571,1.5256708,-0.7137559
device,3098.8278800416674,0.13695657,1.6471452,-0.18260834
device,3098.837760958334,0.13311243,1.6472452,-0.17988122
device,3098.847969291667,0.12911573,1.6473399,-0.17707759
Gesamt_3Arm,3098.8513798750005,-0.17329204,1.5256186,-0.7129993
device,3098.857998291667,0.12520337,1.6474081,-0.17435503
device,3098.8677442500007,0.121276736,1.6474462,-0.17164135
device,3098.877818333334,0.11729422,1.6474545,-0.16886619
Gesamt_3Arm,3098.8812252500006,-0.17496753,1.5254613,-0.7121097
device,3098.887842333334,0.113324404,1.647436,-0.16600943
device,3098.8977276250007,0.10937679,1.6474156,-0.16320252
device,3098.9077492500005,0.10539293,1.6474397,-0.16041273
Gesamt_3Arm,3098.913019041667,-0.1756723,1.5254358,-0.71130484
device,3098.917723958334,0.10138726,1.6475986,-0.15767804
device,3098.927731333334,0.0973506,1.6479709,-0.15503398
device,3098.9381371666673,0.09313172,1.6485865,-0.15241992
Gesamt_3Arm,3098.943399583334,-0.1773411,1.5254672,-0.71047884
device,3098.9483086666673,0.088926464,1.6493695,-0.14994994
device,3098.957717375001,0.08501494,1.6501689,-0.14771238
device,3098.967760208334,0.08086759,1.651033,-0.14536062
Gesamt_3Arm,3098.9714918750005,-0.17826378,1.525579,-0.7100247
device,3098.977752583334,0.076752424,1.6518791,-0.14301986
device,3098.9877432500007,0.07256496,1.6527323,-0.14059329
device,3098.9979727916675,0.068342716,1.6536139,-0.13816014
Gesamt_3Arm,3099.007201000001,-0.18006611,1.5255678,-0.70913345
device,3099.007893000001,0.06421709,1.6545128,-0.13581133
device,3099.0176697500006,0.060207605,1.6554325,-0.13356608
device,3099.027979291667,0.05610633,1.6564184,-0.13131222
Gesamt_3Arm,3099.0312312500005,-0.18078458,1.5255784,-0.7081928
device,3099.037749750001,0.05215621,1.6574103,-0.12918854
device,3099.047693958334,0.048197508,1.658448,-0.12708622
device,3099.057877958334,0.044232488,1.6595124,-0.12492889
Gesamt_3Arm,3099.060751958334,-0.1821624,1.5257393,-0.70689636
device,3099.0676956666675,0.04041404,1.6605455,-0.12291259
device,3099.0777453750006,0.036593977,1.6615653,-0.12094308
device,3099.0878413750006,0.032789856,1.6625428,-0.11901489
Gesamt_3Arm,3099.0920501250007,-0.1833086,1.5256437,-0.70710367
device,3099.097758208334,0.029080749,1.6634477,-0.11715588
device,3099.107715708334,0.025416879,1.6642852,-0.11533052
device,3099.1177721250006,0.021781802,1.6650602,-0.113527924
Gesamt_3Arm,3099.1210925000005,-0.18447757,1.5257539,-0.7055577
device,3099.127763583334,0.018220067,1.6657703,-0.11177474
device,3099.137756583334,0.014698029,1.6664311,-0.11005992
device,3099.1479036666674,0.011212411,1.6670525,-0.10838742
Gesamt_3Arm,3099.151051375001,-0.18526745,1.5257123,-0.70534813
device,3099.157761416667,0.007776499,1.6676298,-0.10675669
device,3099.1676745416676,0.0043391613,1.6681292,-0.105087884
device,3099.1779604166672,0.00089383125,1.6686032,-0.10344285
device,3099.187768791667,-0.0024459078,1.6690347,-0.1018796
Gesamt_3Arm,3099.188113750001,-0.18678188,1.5258635,-0.7045649
device,3099.1977539166674,-0.005765143,1.669434,-0.1003563
device,3099.207901625001,-0.0090761185,1.6697986,-0.09886521
Gesamt_3Arm,3099.213385083334,-0.18759394,1.5259262,-0.70404667
device,3099.217749708334,-0.012303171,1.6701214,-0.09744129
device,3099.2277453750007,-0.015494914,1.6704019,-0.09605795
device,3099.237934791667,-0.018681407,1.6706455,-0.09470019
Gesamt_3Arm,3099.2409556666676,-0.18897212,1.5260062,-0.7033263
device,3099.2477954166675,-0.021765947,1.6708536,-0.09339076
device,3099.257738666667,-0.024803134,1.6710675,-0.09203571
device,3099.2676957916674,-0.027807297,1.67126,-0.09073027
Gesamt_3Arm,3099.271454500001,-0.18970346,1.5260415,-0.7028934
device,3099.2777505416675,-0.0307543,1.6714416,-0.08948666
device,3099.287675708334,-0.033642977,1.6716177,-0.08830622
device,3099.297737375001,-0.036497775,1.6717863,-0.08717769
Gesamt_3Arm,3099.301048708334,-0.19071496,1.5261909,-0.7015035
device,3099.307779333334,-0.03928387,1.6719396,-0.08610898
device,3099.3176724166674,-0.041994423,1.6720692,-0.085096955
device,3099.328262458334,-0.044657826,1.6721727,-0.084127694
Gesamt_3Arm,3099.3314369166674,-0.19131553,1.5262357,-0.7009255
device,3099.337740000001,-0.047240376,1.672252,-0.083212435
device,3099.3476728750006,-0.04975316,1.6723148,-0.082342744
device,3099.3577853750007,-0.05223906,1.6723865,-0.08148345
Gesamt_3Arm,3099.366938208334,-0.19253218,1.5262463,-0.7005944
device,3099.367575916667,-0.054605603,1.6724479,-0.08069125
device,3099.3778797916675,-0.056940913,1.6725029,-0.079933286
device,3099.387990750001,-0.0591743,1.6725531,-0.07923111
Gesamt_3Arm,3099.396054250001,-0.19320822,1.5262648,-0.70025337
device,3099.3976436250005,-0.061273392,1.6726035,-0.07859529
device,3099.407762541667,-0.06335175,1.6726624,-0.077990025
device,3099.4176917916675,-0.065324366,1.6727386,-0.07744377
Gesamt_3Arm,3099.4208339166676,-0.19430578,1.5262657,-0.6999947
device,3099.4277084166674,-0.0672341,1.672836,-0.07694238
device,3099.437692166667,-0.06906915,1.6729584,-0.076465845
device,3099.4477541250008,-0.070844054,1.6731098,-0.076031595
Gesamt_3Arm,3099.451155833334,-0.19490671,1.5262809,-0.69970536
device,3099.4579464166673,-0.0725542,1.6732792,-0.075645864
device,3099.4676480000007,-0.07416463,1.673456,-0.075315416
device,3099.477758208334,-0.07572955,1.673633,-0.075023614
Gesamt_3Arm,3099.4810203750008,-0.19544435,1.5263008,-0.699351
device,3099.488181916667,-0.07724616,1.6738034,-0.07476896
device,3099.4977051666674,-0.07864082,1.6739547,-0.07456216
device,3099.5077296250006,-0.08001912,1.6741003,-0.07436636
Gesamt_3Arm,3099.5107040000007,-0.19621944,1.5263307,-0.6985899
device,3099.5176774166675,-0.08135003,1.6742579,-0.0741378
device,3099.5276840416673,-0.08261597,1.6744024,-0.07395834
device,3099.537712375001,-0.0838303,1.6745383,-0.073826574
Gesamt_3Arm,3099.5463986666673,-0.19712698,1.5262427,-0.6988219
device,3099.5477285000006,-0.08497161,1.6746619,-0.073737614
device,3099.5579036666672,-0.08606315,1.6747811,-0.07368937
device,3099.5679425000008,-0.08709073,1.6749003,-0.07368213
Gesamt_3Arm,3099.573201875001,-0.19726598,1.526291,-0.69840276
device,3099.577954000001,-0.088035226,1.6750268,-0.07371771
device,3099.587867083334,-0.08891857,1.6751605,-0.07379511
device,3099.5980246250006,-0.089750856,1.6752961,-0.07391131
Gesamt_3Arm,3099.603434750001,-0.1979196,1.526286,-0.69780874
device,3099.6081175416675,-0.09049973,1.6754148,-0.074055016
device,3099.617825583334,-0.09117532,1.6755104,-0.074214906
device,3099.6278721250005,-0.09179732,1.6755899,-0.07437712
Gesamt_3Arm,3099.632315583334,-0.1986233,1.52619,-0.6979788
device,3099.637867416667,-0.09233916,1.6756428,-0.07456204
device,3099.6480410416675,-0.092802584,1.675677,-0.07476991
device,3099.6581066250005,-0.093183726,1.6757014,-0.0750007
Gesamt_3Arm,3099.6612491666674,-0.19909501,1.5261766,-0.6974791
device,3099.6678982500007,-0.09347913,1.6757241,-0.075255066
device,3099.6779384166675,-0.093694866,1.6757532,-0.075538464
device,3099.6880373750005,-0.09382808,1.6757934,-0.0758515
Gesamt_3Arm,3099.6936199583342,-0.19920707,1.52622,-0.6971016
device,3099.697946833334,-0.09387827,1.6758443,-0.07618865
device,3099.707917708334,-0.09384665,1.6759001,-0.07655159
device,3099.7178599166673,-0.09373328,1.6759604,-0.07693973
device,3099.7278551250006,-0.09354496,1.6760215,-0.07734212
Gesamt_3Arm,3099.7293055000005,-0.1997695,1.5260803,-0.69793916
device,3099.7378522500007,-0.093292356,1.6760801,-0.077757865
device,3099.7479591250008,-0.09305638,1.676128,-0.07812584
Gesamt_3Arm,3099.753965416667,-0.19993567,1.526065,-0.69809484
device,3099.7577996666673,-0.09275183,1.676169,-0.07849851
device,3099.7677657916674,-0.09242332,1.6762009,-0.07884714
device,3099.777727708334,-0.0919705,1.6762449,-0.07923507
Gesamt_3Arm,3099.7816714166675,-0.20036352,1.5259539,-0.6983483
device,3099.787947250001,-0.09146279,1.6763148,-0.0796104
device,3099.7978603750007,-0.09090075,1.6764269,-0.08000535
device,3099.807899250001,-0.09027767,1.6765859,-0.080432296
Gesamt_3Arm,3099.8119218750007,-0.20051348,1.5259411,-0.69847804
device,3099.8177950416675,-0.08961591,1.6767838,-0.08087447
device,3099.8278895416674,-0.08890045,1.677003,-0.08133587
device,3099.837923875001,-0.08814371,1.6772308,-0.08180484
Gesamt_3Arm,3099.842456458334,-0.20086789,1.5257503,-0.6995963
device,3099.847983083334,-0.08735812,1.6774594,-0.08226907
device,3099.8578932916676,-0.08654988,1.6776925,-0.08272818
device,3099.867810625001,-0.08571315,1.6779379,-0.08318475
Gesamt_3Arm,3099.8714831666675,-0.20100427,1.525738,-0.69972503
device,3099.877899750001,-0.084867775,1.6782007,-0.083620794
device,3099.887806208334,-0.08400819,1.6784561,-0.08405307
device,3099.8978280416673,-0.08312458,1.6786989,-0.084485956
device,3099.9078921666674,-0.08222693,1.6789247,-0.084915675
Gesamt_3Arm,3099.909046916667,-0.20113778,1.5256441,-0.7001072
device,3099.9177667916674,-0.081327915,1.6791309,-0.08533758
device,3099.9277512916674,-0.080423355,1.6793251,-0.08575824
Gesamt_3Arm,3099.9315781250007,-0.20134056,1.5255858,-0.70032376
device,3099.9379636250005,-0.07950872,1.6795207,-0.08618542
device,3099.9478625000006,-0.07861292,1.6797171,-0.086610645
device,3099.9579737916674,-0.07770583,1.6799147,-0.08704835
Gesamt_3Arm,3099.9625367500007,-0.20135427,1.5255831,-0.7004341
device,3099.967813333334,-0.07683706,1.6800939,-0.08747211
device,3099.977832833334,-0.07598102,1.6802499,-0.08789155
device,3099.987937958334,-0.07518956,1.6803747,-0.088275164
Gesamt_3Arm,3099.9919623750006,-0.20154011,1.5255315,-0.700627
device,3099.997838708334,-0.07442784,1.6804509,-0.08862865
device,3100.007858833334,-0.07367277,1.6804782,-0.08896214
device,3100.017853541667,-0.0729363,1.6804528,-0.089267015
Gesamt_3Arm,3100.0213737500007,-0.20183098,1.5253825,-0.7010125
device,3100.0278331666673,-0.07222617,1.6803771,-0.089538485
device,3100.0378629166676,-0.07154477,1.68026,-0.08977547
device,3100.0477966250005,-0.07089707,1.6801121,-0.08996731
Gesamt_3Arm,3100.0514960000005,-0.20200682,1.5253339,-0.7011923
device,3100.057592750001,-0.070310354,1.6799607,-0.09008902
device,3100.0674639166673,-0.06975448,1.6797949,-0.09018037
device,3100.0778701250006,-0.06922418,1.679613,-0.0902415
device,3100.0877165416673,-0.06874585,1.6794268,-0.0902684
Gesamt_3Arm,3100.088395583334,-0.20181215,1.5256157,-0.6995467
device,3100.1020364166675,-0.068119764,1.6791598,-0.09025699
device,3100.1093546666675,-0.06782162,1.6790298,-0.090228766
Gesamt_3Arm,3100.110732750001,-0.20195162,1.5255859,-0.6998587
device,3100.118183958334,-0.06748837,1.6788868,-0.09018082
device,3100.128908750001,-0.06710613,1.6787287,-0.0901103
device,3100.1382281666674,-0.06679234,1.6786023,-0.090040684
Gesamt_3Arm,3100.140747083334,-0.20228136,1.5254492,-0.70081425
device,3100.148549583334,-0.06647563,1.6784743,-0.089957505
device,3100.1586593750008,-0.06617579,1.6783361,-0.089854926
device,3100.1693152500006,-0.065865636,1.6781714,-0.08971521
Gesamt_3Arm,3100.1732271666674,-0.20241833,1.5254167,-0.70113367
device,3100.1784731666676,-0.06560278,1.6780224,-0.089570045
device,3100.188615208334,-0.065319,1.6778705,-0.08939142
device,3100.198416333334,-0.06504679,1.6777449,-0.08920124
Gesamt_3Arm,3100.2014382500006,-0.20279706,1.5251554,-0.70338404
device,3100.2094041250007,-0.064750075,1.6776398,-0.08897433
device,3100.218200833334,-0.06451473,1.6775786,-0.08877686
device,3100.2298928750006,-0.06421435,1.6775227,-0.08850023
Gesamt_3Arm,3100.2309572916674,-0.20292616,1.5251238,-0.70369697
