device,time,x,y,z
device,3749.889012875001,0.06358421,1.6830103,-0.018014312
device,3749.890789250001,0.063601956,1.6830065,-0.018057413
device,3749.897862375001,0.06367291,1.6829898,-0.01822659
device,3749.9195090000007,0.06389265,1.6828964,-0.018812127
Gesamt_3Arm,3749.919851875001,0.022350073,1.567284,-0.6929245
device,3749.9316797083343,0.06402069,1.68282,-0.01917386
Gesamt_3Arm,3749.932550375001,0.022355318,1.5672772,-0.6929097
device,3749.9390174166674,0.064101875,1.6827675,-0.019398093
device,3749.9488377916673,0.0642162,1.6826918,-0.019707084
device,3749.9585080000006,0.06433332,1.6826099,-0.020019293
Gesamt_3Arm,3749.9644242916675,0.022397041,1.5672373,-0.69290924
device,3749.968876000001,0.064464636,1.6825199,-0.020361867
device,3749.978866625001,0.06459475,1.6824329,-0.020696964
device,3749.989128083334,0.06473142,1.6823502,-0.021045446
Gesamt_3Arm,3749.9898536250007,0.022396564,1.5672271,-0.69292235
device,3749.999204708334,0.06487304,1.6822718,-0.021395683
device,3750.009943125001,0.06503183,1.6821902,-0.021773577
device,3750.018672083334,0.065167665,1.6821249,-0.022082806
Gesamt_3Arm,3750.0197679583343,0.022396266,1.5672172,-0.6929345
device,3750.0290610416673,0.06533861,1.6820493,-0.022454023
device,3750.0393045833343,0.06551659,1.6819816,-0.022822976
device,3750.0495586666675,0.065699406,1.6819214,-0.023183074
Gesamt_3Arm,3750.0504497916677,0.022396088,1.5672076,-0.69294596
device,3750.059373000001,0.06588883,1.6818632,-0.023542847
device,3750.0688833333343,0.066072285,1.6818125,-0.023878694
device,3750.0791954166675,0.06627458,1.6817646,-0.024242163
Gesamt_3Arm,3750.079766125001,0.022564828,1.5672895,-0.6908531
device,3750.0893426666676,0.06646378,1.681724,-0.024589114
device,3750.0991125833343,0.066640444,1.6816895,-0.024921026
device,3750.1089821250007,0.0668071,1.6816565,-0.025250044
Gesamt_3Arm,3750.1097865416673,0.022564888,1.5672802,-0.69086266
device,3750.1189331666674,0.06696058,1.6816186,-0.025576796
device,3750.129010458334,0.06709361,1.68157,-0.02589655
device,3750.139221708334,0.067200944,1.6815082,-0.02620966
Gesamt_3Arm,3750.144709625001,0.022572994,1.567279,-0.6908543
device,3750.1483670000007,0.067269035,1.6814393,-0.026483025
device,3750.1580692083344,0.06730579,1.6813567,-0.026763506
device,3750.1683805416674,0.067302056,1.681258,-0.027052369
Gesamt_3Arm,3750.169842375001,0.02258104,1.5672779,-0.69084597
device,3750.1785507916675,0.06725305,1.681151,-0.027329564
device,3750.1880484583344,0.06715704,1.6810386,-0.027583089
device,3750.1981248750008,0.066964805,1.6808933,-0.027846336
Gesamt_3Arm,3750.199506625001,0.02257967,1.5672152,-0.6931019
device,3750.207909875001,0.06673163,1.6807307,-0.028089166
device,3750.217987000001,0.06644571,1.6805421,-0.028327465
device,3750.227868125001,0.066119194,1.6803399,-0.02855134
Gesamt_3Arm,3750.2298057500007,0.022587419,1.5672141,-0.69309545
device,3750.2388723333343,0.06570483,1.6801018,-0.028790679
device,3750.2490999166675,0.06528557,1.679882,-0.029000606
device,3750.259352583334,0.06479299,1.6796552,-0.029216647
Gesamt_3Arm,3750.2600577500007,0.022769094,1.5671885,-0.6930473
device,3750.2694777083343,0.06428075,1.679453,-0.029420137
device,3750.279397250001,0.063735306,1.679264,-0.029619098
device,3750.2898033750007,0.06312305,1.6790748,-0.029823065
Gesamt_3Arm,3750.2910413333343,0.022776544,1.5671874,-0.6930399
device,3750.2997971666673,0.062494226,1.6788969,-0.030015673
device,3750.3094824166674,0.061845727,1.6787243,-0.030195083
device,3750.3192299583343,0.06116259,1.6785527,-0.03036964
Gesamt_3Arm,3750.3245095000007,0.022775173,1.567184,-0.6930616
device,3750.329431708334,0.060417414,1.6783754,-0.030547857
device,3750.3392615416674,0.059652805,1.6782019,-0.030719638
device,3750.3495066666674,0.058834434,1.6780151,-0.030902743
Gesamt_3Arm,3750.350319833334,0.022958636,1.567211,-0.6930511
device,3750.3595405833344,0.05800216,1.6778259,-0.031080194
device,3750.369128375001,0.057187267,1.6776437,-0.031247701
device,3750.3779089166674,0.056388088,1.6774659,-0.031405058
Gesamt_3Arm,3750.3798415416677,0.022957563,1.5672078,-0.6930704
device,3750.387603833334,0.05549407,1.6772709,-0.031575203
device,3750.3975466666675,0.054537013,1.6770672,-0.03175407
device,3750.4077148750007,0.053505726,1.676855,-0.03194925
Gesamt_3Arm,3750.4122030000008,0.02295643,1.5672047,-0.69308996
device,3750.4177542083344,0.052450307,1.6766471,-0.03214928
device,3750.428230958334,0.051295146,1.6764314,-0.032369442
device,3750.4377429166675,0.05020225,1.6762334,-0.03257823
Gesamt_3Arm,3750.439818875001,0.022955239,1.5672016,-0.69310856
device,3750.4477870833343,0.049005866,1.6760209,-0.0328058
device,3750.457776208334,0.047782548,1.6758034,-0.03303918
device,3750.467730375001,0.04648979,1.6755584,-0.033289365
Gesamt_3Arm,3750.470056208334,0.02291894,1.5671637,-0.6930356
device,3750.4777314166677,0.04517001,1.6753043,-0.033543587
device,3750.4873997916675,0.04382146,1.6750337,-0.033802953
device,3750.4975014166675,0.04237587,1.6747316,-0.034078326
Gesamt_3Arm,3750.5059774166675,0.022898197,1.5671473,-0.69298244
device,3750.507851083334,0.04084176,1.6743999,-0.034365535
device,3750.517289000001,0.0393219,1.6740618,-0.034649253
device,3750.527660458334,0.03763181,1.6736782,-0.034964204
Gesamt_3Arm,3750.5297540416673,0.022758663,1.5670483,-0.69285727
device,3750.5375542916677,0.035949394,1.6732963,-0.035280652
device,3750.547548583334,0.03416741,1.6728946,-0.03561449
device,3750.5577314166676,0.03229744,1.6724831,-0.035961714
Gesamt_3Arm,3750.559821875001,0.022645414,1.5669864,-0.6927514
device,3750.5675779166677,0.030383348,1.6720787,-0.036313772
device,3750.5779334166673,0.028311178,1.6716596,-0.03668637
device,3750.5882823750007,0.02623684,1.6712583,-0.03704902
Gesamt_3Arm,3750.5912493750006,0.022625446,1.5669706,-0.6926999
device,3750.5980315000006,0.02408123,1.670857,-0.03741467
device,3750.607700000001,0.021879733,1.6704614,-0.03777218
device,3750.618162875001,0.019456208,1.6700473,-0.038151503
Gesamt_3Arm,3750.6199850416674,0.022499502,1.5669155,-0.69270205
device,3750.6279305000007,0.017110825,1.6696726,-0.0385015
device,3750.637450708334,0.014726043,1.6693214,-0.038839936
device,3750.647939833334,0.01206255,1.6689645,-0.039197445
Gesamt_3Arm,3750.650657458334,0.022351503,1.5669018,-0.69292593
device,3750.6575275833343,0.009493411,1.6686504,-0.039524913
device,3750.6678137500007,0.006732464,1.6683363,-0.039856553
device,3750.679334000001,0.003585383,1.6680083,-0.040213294
Gesamt_3Arm,3750.6851516666675,0.022158384,1.5669389,-0.6930821
device,3750.687258083334,0.0010878519,1.6677706,-0.040481295
device,3750.697369583334,-0.0019279122,1.6675142,-0.04079199
device,3750.7075154166673,-0.005040899,1.6672827,-0.04109866
Gesamt_3Arm,3750.7106220833343,0.02210766,1.5669477,-0.6932771
device,3750.7178956666676,-0.008303158,1.6670599,-0.04141256
device,3750.727535958334,-0.011474624,1.6668398,-0.04170472
device,3750.737562250001,-0.014828563,1.6666126,-0.04200065
Gesamt_3Arm,3750.740246333334,0.021909893,1.5669907,-0.693429
device,3750.7478068750006,-0.018293679,1.6663811,-0.042291284
device,3750.757524833334,-0.021733642,1.6661576,-0.042565346
device,3750.7681769166675,-0.025478661,1.6659279,-0.04285395
Gesamt_3Arm,3750.7703335833344,0.021722615,1.5669974,-0.69358397
device,3750.777667333334,-0.028978482,1.6657373,-0.043118306
device,3750.7876960416675,-0.03263402,1.665581,-0.043395042
device,3750.7983711666675,-0.036671296,1.6654776,-0.043694206
Gesamt_3Arm,3750.7998606666674,0.021544576,1.5670106,-0.69374347
device,3750.8075329583344,-0.040198788,1.6654594,-0.04394918
device,3750.817588958334,-0.04403489,1.665494,-0.044245925
device,3750.8277315833343,-0.048015535,1.6655778,-0.044571877
Gesamt_3Arm,3750.8308566666674,0.021434605,1.5670226,-0.69390464
device,3750.837536833334,-0.051869214,1.6656888,-0.044900417
device,3750.8474826666675,-0.05581671,1.6658224,-0.04525006
device,3750.857895958334,-0.05994524,1.6659756,-0.045627423
device,3750.8679686250007,-0.063955836,1.6661305,-0.04600462
Gesamt_3Arm,3750.8686825416676,0.02119571,1.5669956,-0.6940198
device,3750.8783128333343,-0.0679878,1.6662863,-0.04639232
device,3750.8874309583343,-0.071819484,1.6664326,-0.046767592
Gesamt_3Arm,3750.8909743333343,0.021038234,1.5669767,-0.69412374
device,3750.8994645000007,-0.076604545,1.6666147,-0.047240615
device,3750.900857208334,-0.07726121,1.6666402,-0.04730463
device,3750.906740000001,-0.07959519,1.6667298,-0.047534637
device,3750.916940958334,-0.083640814,1.6668863,-0.04794407
Gesamt_3Arm,3750.919509083334,0.02079302,1.5669503,-0.694232
device,3750.926947375001,-0.087617695,1.6670429,-0.048362494
device,3750.936879250001,-0.09160763,1.6672088,-0.048798442
device,3750.9470072500008,-0.0956071,1.6673857,-0.049251676
Gesamt_3Arm,3750.950976000001,0.0206424,1.5669467,-0.69432473
device,3750.9569631666673,-0.099544704,1.6675758,-0.04971707
device,3750.9669508750007,-0.10346836,1.6677859,-0.050198674
device,3750.9776399166676,-0.10754191,1.6680336,-0.05072018
Gesamt_3Arm,3750.9808681666673,0.020151317,1.566832,-0.69214916
device,3750.986779500001,-0.11119049,1.6682849,-0.0512056
device,3750.9967958750008,-0.114984445,1.6685824,-0.05172774
device,3751.0068671666677,-0.11878365,1.668925,-0.052270293
Gesamt_3Arm,3751.010646875001,0.020091832,1.5668361,-0.6922169
device,3751.0169014166677,-0.12250364,1.6693158,-0.052817583
device,3751.0270301666674,-0.12617175,1.6697334,-0.053373627
device,3751.0373484583342,-0.12990135,1.6701834,-0.05395639
device,3751.046800000001,-0.13331251,1.6706136,-0.054503255
Gesamt_3Arm,3751.0522045000007,0.020295143,1.566945,-0.6947274
device,3751.0566071666676,-0.13677067,1.6710674,-0.055072308
device,3751.0667832916674,-0.14022104,1.6715387,-0.055653386
Gesamt_3Arm,3751.0702640416675,0.01986146,1.5668449,-0.69248486
device,3751.076923833334,-0.14360124,1.6720166,-0.05624318
device,3751.086690750001,-0.14684244,1.6724789,-0.056831546
device,3751.0966057916676,-0.15002345,1.6729382,-0.05741581
Gesamt_3Arm,3751.1003444166677,0.01955551,1.5667534,-0.6911659
device,3751.106817250001,-0.15319763,1.673396,-0.05800363
device,3751.1168492916677,-0.15626246,1.6738341,-0.058574796
device,3751.1270550416675,-0.1592918,1.6742605,-0.0591408
Gesamt_3Arm,3751.1319622083342,0.019579351,1.5667647,-0.6913676
device,3751.1369770416677,-0.16224283,1.6746687,-0.059697866
device,3751.1469154166675,-0.16507237,1.6750529,-0.060236745
device,3751.1569812916673,-0.16785723,1.6754265,-0.06077361
Gesamt_3Arm,3751.1599761666675,0.017845154,1.5667088,-0.6847985
device,3751.166943875001,-0.17057759,1.675766,-0.061304092
device,3751.1768035833343,-0.17317921,1.6760614,-0.061817765
device,3751.186822750001,-0.17574495,1.6763265,-0.06232989
Gesamt_3Arm,3751.190342000001,0.018361747,1.5662352,-0.68499446
device,3751.196813458334,-0.17823738,1.6765529,-0.062831044
device,3751.206857583334,-0.18065898,1.6767483,-0.06332307
device,3751.2169744583343,-0.18302988,1.6769303,-0.06381377
device,3751.227142875001,-0.18528551,1.6771129,-0.06429505
Gesamt_3Arm,3751.2296610000008,0.018075466,1.566248,-0.68528175
device,3751.236873375001,-0.18747884,1.6773151,-0.06478429
device,3751.2466011666675,-0.18956907,1.6775396,-0.06527693
Gesamt_3Arm,3751.249948583334,0.018083513,1.5662702,-0.68541336
device,3751.256566125001,-0.19160195,1.677791,-0.06578476
device,3751.2665334166677,-0.19357114,1.6780661,-0.06630235
device,3751.2768580416673,-0.19553357,1.6783466,-0.066817045
Gesamt_3Arm,3751.279977583334,0.017715216,1.5662292,-0.6851561
device,3751.2865835000007,-0.19740838,1.6786525,-0.06734061
device,3751.2965152083343,-0.19918948,1.6789732,-0.06786859
device,3751.3067092083343,-0.20092684,1.6793056,-0.06841254
Gesamt_3Arm,3751.3099221666675,0.017651737,1.566349,-0.68668437
device,3751.316558958334,-0.20253424,1.67962,-0.068937115
device,3751.3265636250007,-0.20408921,1.6799278,-0.069466285
device,3751.3365509166674,-0.2055785,1.680218,-0.070001006
Gesamt_3Arm,3751.3395702916673,0.017080665,1.5660963,-0.68497324
device,3751.346565125001,-0.2070021,1.6804857,-0.07055247
device,3751.356511000001,-0.20836467,1.68072,-0.07109201
device,3751.3665725416677,-0.20967823,1.680912,-0.07161915
Gesamt_3Arm,3751.370212250001,0.01709485,1.5661175,-0.68508244
device,3751.3765527916676,-0.2109363,1.6810545,-0.072128855
device,3751.3865239583342,-0.21214698,1.6811513,-0.072620355
device,3751.3965483750007,-0.21331234,1.6812068,-0.07309491
Gesamt_3Arm,3751.4054669166676,0.016865432,1.5662408,-0.6855252
device,3751.406492208334,-0.21442503,1.6812302,-0.07355034
device,3751.4165369166676,-0.21548967,1.6812307,-0.073989086
device,3751.426603375001,-0.21650618,1.6812131,-0.074411154
Gesamt_3Arm,3751.429681583334,0.01662606,1.566304,-0.6853759
device,3751.4365679166676,-0.21747941,1.6811824,-0.074822664
device,3751.4465123333343,-0.2183945,1.6811382,-0.075211845
device,3751.456642333334,-0.21926016,1.6810802,-0.075580955
Gesamt_3Arm,3751.4599595416676,0.016533017,1.5663437,-0.68519235
device,3751.466563125001,-0.22005218,1.6810135,-0.075920224
device,3751.476513875001,-0.22078918,1.6809345,-0.07623585
device,3751.4866047916676,-0.22147518,1.6808442,-0.07652879
Gesamt_3Arm,3751.489966000001,0.01643616,1.5665294,-0.6857722
device,3751.4965639583343,-0.22209781,1.6807436,-0.07679415
device,3751.506504375001,-0.22267002,1.6806381,-0.07703984
device,3751.516614708334,-0.22318442,1.6805333,-0.07726581
Gesamt_3Arm,3751.5197493750006,0.0163427,1.5665607,-0.6855831
device,3751.526563958334,-0.22364742,1.6804321,-0.07748556
device,3751.536519208334,-0.22409803,1.6803393,-0.07774091
device,3751.5465661666676,-0.22449295,1.680235,-0.07798462
Gesamt_3Arm,3751.549819875001,0.016060293,1.5666357,-0.6851375
device,3751.556520333334,-0.22483116,1.6801132,-0.07821643
device,3751.566511000001,-0.2251151,1.6799718,-0.078441314
device,3751.5773222500006,-0.22535592,1.6798182,-0.078665614
Gesamt_3Arm,3751.5861122083343,0.015899062,1.5666424,-0.6845913
device,3751.5865011250007,-0.225538,1.6796894,-0.07888206
device,3751.5965802916676,-0.22567374,1.6795852,-0.07911527
device,3751.6065234166676,-0.2257672,1.6795034,-0.079365015
Gesamt_3Arm,3751.6095777916676,0.015749037,1.5667521,-0.68453574
device,3751.616532125001,-0.22584695,1.6794405,-0.07963097
device,3751.6264866666675,-0.22589284,1.6793749,-0.07987785
device,3751.6365712083343,-0.22590572,1.6793289,-0.080106616
Gesamt_3Arm,3751.6399349166677,0.015560508,1.5667806,-0.68398476
device,3751.6465427916673,-0.22588319,1.6793237,-0.08031809
device,3751.6564675416676,-0.22583504,1.6793603,-0.080516644
device,3751.666588708334,-0.22577149,1.6794308,-0.080699086
Gesamt_3Arm,3751.669853500001,0.0153898,1.5667845,-0.6834018
device,3751.6765603333342,-0.22569698,1.679528,-0.0808568
device,3751.6865566666675,-0.22561501,1.6796533,-0.080988966
device,3751.6964854583343,-0.22552913,1.6798137,-0.08110094
Gesamt_3Arm,3751.6995392500007,0.015076399,1.5669147,-0.6824393
device,3751.7065182083343,-0.2254595,1.6800249,-0.08119934
device,3751.716465250001,-0.22538541,1.680253,-0.081282936
device,3751.7265737500006,-0.22531326,1.6804863,-0.08134956
Gesamt_3Arm,3751.7301915416674,0.014903367,1.5669167,-0.6818447
device,3751.736524125001,-0.22525041,1.6807144,-0.08140498
device,3751.7464605416676,-0.22519797,1.6809249,-0.08145273
device,3751.7565882916674,-0.22516172,1.6811149,-0.08149462
Gesamt_3Arm,3751.7650306250007,0.014873803,1.566927,-0.6815381
device,3751.7664507916675,-0.22514278,1.6812711,-0.081534624
device,3751.7764558333342,-0.22514318,1.6813921,-0.08157536
device,3751.7865361666677,-0.22516817,1.6814724,-0.08161843
Gesamt_3Arm,3751.789697750001,0.014844596,1.5669367,-0.68123436
device,3751.7965034166673,-0.22523426,1.6815103,-0.081669055
device,3751.8064441666675,-0.22538847,1.6815076,-0.08174014
device,3751.8165234166677,-0.22557873,1.6814669,-0.08182049
Gesamt_3Arm,3751.819821833334,0.01527977,1.5667055,-0.6817367
device,3751.8265165000007,-0.22579724,1.6813979,-0.081906915
device,3751.836473375001,-0.22604424,1.6813027,-0.082000375
device,3751.8469085000006,-0.22633606,1.681184,-0.082104206
Gesamt_3Arm,3751.8499186666677,0.01525414,1.5667144,-0.6814449
device,3751.8565517916677,-0.22663568,1.6810633,-0.08220335
device,3751.8664908750006,-0.2269786,1.6809367,-0.082311034
device,3751.8765715416675,-0.22735947,1.6808208,-0.08242452
Gesamt_3Arm,3751.8817334166674,0.0152285695,1.5667232,-0.68115497
device,3751.8865236666675,-0.2277786,1.6807289,-0.08254915
device,3751.8964810000007,-0.2282216,1.6806676,-0.08268356
device,3751.906438250001,-0.22868711,1.6806387,-0.08282781
Gesamt_3Arm,3751.909986750001,0.015300572,1.5667398,-0.68127227
device,3751.9163918333343,-0.22917305,1.680642,-0.08298167
device,3751.9264065416673,-0.22967322,1.6806737,-0.08314557
device,3751.937870333334,-0.23025233,1.6807438,-0.08334267
Gesamt_3Arm,3751.945962250001,0.0152231455,1.5667233,-0.68127203
device,3751.946538333334,-0.23074049,1.6808234,-0.08351338
device,3751.956436083334,-0.23129617,1.6809301,-0.08371314
device,3751.9664786666676,-0.23187953,1.6810467,-0.08393264
Gesamt_3Arm,3751.969833625001,0.0151465535,1.5667075,-0.681268
device,3751.976465583334,-0.23248333,1.6811668,-0.08416784
device,3751.986428500001,-0.2331006,1.681283,-0.084413886
device,3751.9965064166677,-0.23373383,1.6813879,-0.08467233
Gesamt_3Arm,3751.9996186666676,0.0152314305,1.5667131,-0.68141556
device,3752.006445833334,-0.234379,1.6814746,-0.08494067
device,3752.016426750001,-0.23503512,1.6815385,-0.08521676
device,3752.0265251250007,-0.23571114,1.6815789,-0.0855047
Gesamt_3Arm,3752.0296746666677,0.015159845,1.566698,-0.6814139
device,3752.0368042916675,-0.23640066,1.6815914,-0.085801005
device,3752.0464733333342,-0.23709022,1.6815795,-0.086100064
device,3752.0565520416676,-0.23781294,1.6815461,-0.08641064
Gesamt_3Arm,3752.059442875001,0.015090883,1.566683,-0.6814139
device,3752.0664324166673,-0.23854691,1.6814916,-0.0867275
device,3752.0763953750006,-0.23933248,1.6814123,-0.08706575
device,3752.0863976250007,-0.24014424,1.6813176,-0.08741375
Gesamt_3Arm,3752.089668458334,0.015024126,1.5666685,-0.6814132
device,3752.096386500001,-0.24098177,1.6812111,-0.08776993
device,3752.1063824166677,-0.24184638,1.6810931,-0.08813751
device,3752.116426833334,-0.24273972,1.6809704,-0.088518195
device,3752.1263730416676,-0.24365644,1.6808441,-0.08891099
Gesamt_3Arm,3752.126604583334,0.015008926,1.5665386,-0.6816342
device,3752.136423083334,-0.24461013,1.6807168,-0.08932519
device,3752.1465004166675,-0.24560875,1.6805849,-0.089764
Gesamt_3Arm,3752.1498795416674,0.014868021,1.5664536,-0.68172836
device,3752.156392500001,-0.24664003,1.6804445,-0.09022164
device,3752.1664178750007,-0.24770378,1.6803086,-0.09070142
device,3752.1764830416673,-0.24879438,1.6801753,-0.0912019
Gesamt_3Arm,3752.180678333334,0.014730692,1.5663713,-0.6818185
device,3752.1864455416676,-0.249907,1.6800432,-0.09171983
device,3752.1964255416674,-0.251045,1.6799097,-0.09225961
device,3752.206523375001,-0.25221974,1.6797755,-0.09282899
Gesamt_3Arm,3752.209933875001,0.014538407,1.5662116,-0.6816623
device,3752.2166150416674,-0.25341743,1.6796472,-0.09342253
device,3752.2264961666674,-0.2546372,1.6795243,-0.09404201
device,3752.2365306666675,-0.2558995,1.6794026,-0.09469247
Gesamt_3Arm,3752.2395394166674,0.014410555,1.5661347,-0.6817498
device,3752.2464295833342,-0.25721496,1.6792692,-0.09535515
device,3752.2563826250007,-0.25856608,1.6791404,-0.09605479
device,3752.266473000001,-0.25997016,1.6790091,-0.096797176
Gesamt_3Arm,3752.2705181666674,0.013980269,1.5660988,-0.6812265
device,3752.2764194166675,-0.26139992,1.6788754,-0.09756684
device,3752.286450958334,-0.26288456,1.6787348,-0.09837842
device,3752.296404708334,-0.26441282,1.6785872,-0.099223495
device,3752.306391833334,-0.26598948,1.6784348,-0.100100994
Gesamt_3Arm,3752.306791125001,0.014022946,1.5659506,-0.6822064
device,3752.3163931666677,-0.2676224,1.6782789,-0.101017356
device,3752.3264437916673,-0.26931542,1.6781228,-0.10197389
Gesamt_3Arm,3752.3294770416674,0.01371634,1.5658435,-0.68226695
device,3752.3364334166677,-0.271079,1.677967,-0.102965236
device,3752.3463697916677,-0.2729512,1.6777993,-0.10397792
device,3752.3564549166676,-0.2748924,1.677626,-0.10503602
Gesamt_3Arm,3752.3598209583342,0.013437629,1.5657507,-0.6824775
device,3752.366415708334,-0.27688724,1.6774485,-0.10613012
device,3752.376390250001,-0.2789423,1.6772665,-0.10726428
device,3752.3865486666673,-0.28108367,1.6770755,-0.10845114
Gesamt_3Arm,3752.390889083334,0.013351619,1.5656843,-0.68262744
device,3752.396392958334,-0.2832507,1.6768804,-0.10965463
device,3752.4063232500007,-0.2855013,1.6766753,-0.11090219
device,3752.416405833334,-0.2878576,1.6764739,-0.1121968
Gesamt_3Arm,3752.4195239166675,0.01293987,1.5655854,-0.68285656
device,3752.426432375001,-0.29029495,1.6762791,-0.11352193
device,3752.4363354583343,-0.29278046,1.676082,-0.11487436
device,3752.4463741666673,-0.29535335,1.675881,-0.11627197
Gesamt_3Arm,3752.449999083334,0.0123381615,1.5655571,-0.6823385
device,3752.4563387916673,-0.29798502,1.6756823,-0.117696404
device,3752.4663470416676,-0.30068284,1.6755013,-0.11915338
device,3752.4764181250007,-0.3034665,1.6753521,-0.12065601
device,3752.4863501250006,-0.30626905,1.6752571,-0.12217303
Gesamt_3Arm,3752.486613958334,0.011864364,1.5655111,-0.6825881
device,3752.496392833334,-0.30914944,1.6752298,-0.12374318
device,3752.506350208334,-0.3120727,1.6752787,-0.12535441
Gesamt_3Arm,3752.5094881666673,0.01205945,1.5655634,-0.68408155
device,3752.516488583334,-0.31504846,1.6754091,-0.12702498
device,3752.5263591666676,-0.3180396,1.6755896,-0.12872612
device,3752.5364510416675,-0.3211035,1.6758022,-0.13048959
Gesamt_3Arm,3752.5396789166675,0.0115122795,1.5655153,-0.6841705
device,3752.546352958334,-0.32416463,1.6760278,-0.13227007
device,3752.556380125001,-0.32727844,1.6762615,-0.13410044
device,3752.566459458334,-0.33043867,1.6764965,-0.1359762
Gesamt_3Arm,3752.570028000001,0.011139214,1.5654545,-0.6843436
device,3752.5767550416676,-0.33364314,1.6767248,-0.1378969
device,3752.5865569583343,-0.33682203,1.6769363,-0.13981888
device,3752.596459083334,-0.33994532,1.6771235,-0.14171991
Gesamt_3Arm,3752.5995830416673,0.010492802,1.5652877,-0.6841743
device,3752.6063702916676,-0.34313968,1.677291,-0.14367168
device,3752.616398333334,-0.34630603,1.6774161,-0.14559805
device,3752.6264345833342,-0.34949094,1.6775299,-0.14754295
Gesamt_3Arm,3752.6306625000007,0.01014626,1.5652287,-0.6843691
device,3752.636384125001,-0.3526549,1.6776357,-0.14948423
device,3752.646385958334,-0.3558243,1.6777368,-0.1514386
device,3752.6565036666675,-0.3590204,1.6778378,-0.15341842
device,3752.6664364166677,-0.3621655,1.6779407,-0.15537572
Gesamt_3Arm,3752.6666741666677,0.009635448,1.5652788,-0.68459296
device,3752.6764467500007,-0.3652963,1.6780485,-0.15733266
device,3752.686404708334,-0.3684327,1.6781665,-0.15930188
Gesamt_3Arm,3752.6897786666673,0.009321332,1.5653529,-0.68484426
device,3752.6963807916677,-0.37156516,1.6782916,-0.16127336
device,3752.706367583334,-0.37467784,1.6784303,-0.16323769
device,3752.716404208334,-0.37775624,1.6785877,-0.16518626
Gesamt_3Arm,3752.7196001666675,0.0076272488,1.5653994,-0.68323874
device,3752.726351375001,-0.38079053,1.6787646,-0.16711235
device,3752.7363839166674,-0.38379985,1.678969,-0.16902792
device,3752.7464785416673,-0.3867854,1.6792002,-0.17093298
Gesamt_3Arm,3752.7524690416676,0.0085504055,1.5653845,-0.68498826
device,3752.756479333334,-0.38970417,1.6794589,-0.1728046
device,3752.7664881666674,-0.39257723,1.6797432,-0.17465496
device,3752.776394583334,-0.39537877,1.680035,-0.1764698
Gesamt_3Arm,3752.7795212083342,0.008243859,1.5654782,-0.68542266
device,3752.7863620416674,-0.39816117,1.68033,-0.17828664
device,3752.796329750001,-0.40088564,1.6806359,-0.18007708
device,3752.806390750001,-0.40356773,1.6809509,-0.18185425
Gesamt_3Arm,3752.8106182083343,0.008027792,1.5655575,-0.68575096
device,3752.816315875001,-0.4061655,1.6812663,-0.1835895
device,3752.826310000001,-0.40871286,1.6815854,-0.18530485
device,3752.8366618333343,-0.41122705,1.6819117,-0.1870153
Gesamt_3Arm,3752.8450120416674,0.007730782,1.565549,-0.68603015
device,3752.846314625001,-0.41360646,1.6822329,-0.18865609
device,3752.856279333334,-0.4159457,1.682559,-0.19029355
device,3752.8663700416673,-0.4182214,1.6828738,-0.1919148
Gesamt_3Arm,3752.8695801666677,0.0075933933,1.5655318,-0.68612003
device,3752.876328208334,-0.42040288,1.683148,-0.1935105
device,3752.8863664166674,-0.42248386,1.6833318,-0.19512427
device,3752.8962749166676,-0.4244854,1.6834651,-0.19669294
Gesamt_3Arm,3752.899355250001,0.007304728,1.5655286,-0.6863589
device,3752.906316708334,-0.4264343,1.6835567,-0.19823568
device,3752.9162751666677,-0.42830092,1.6836133,-0.19972765
device,3752.926309833334,-0.43010443,1.6836445,-0.20118451
Gesamt_3Arm,3752.9293357916677,0.005501449,1.5655082,-0.68471026
device,3752.936355375001,-0.43183768,1.6836624,-0.20260212
device,3752.946288333334,-0.43349737,1.6836828,-0.2039628
device,3752.9563045416676,-0.4351321,1.6837325,-0.20525563
Gesamt_3Arm,3752.9593972500006,0.006843269,1.5653763,-0.6865208
device,3752.9663166666674,-0.43668753,1.683789,-0.20651388
device,3752.9762677500007,-0.43815947,1.683858,-0.2077361
device,3752.9863650000007,-0.4395702,1.6839432,-0.20893618
Gesamt_3Arm,3752.9899200833343,0.0067486167,1.565359,-0.68662333
device,3752.9962950416675,-0.44088823,1.6840439,-0.21008897
device,3753.006271708334,-0.4421413,1.6841627,-0.21121201
device,3753.016309958334,-0.44332343,1.6842917,-0.21229863
Gesamt_3Arm,3753.025683125001,0.0065345764,1.5653894,-0.6867857
device,3753.0262297916674,-0.44443125,1.6844213,-0.21333897
device,3753.036309333334,-0.44548598,1.6845477,-0.21434645
device,3753.046353708334,-0.44647777,1.6846658,-0.21530923
Gesamt_3Arm,3753.049750000001,0.006064236,1.5653033,-0.68643355
device,3753.0563038333344,-0.4473982,1.6847713,-0.21621034
device,3753.0662755416674,-0.44826353,1.6848739,-0.21707508
device,3753.0763968750007,-0.449076,1.6849751,-0.21791041
Gesamt_3Arm,3753.0801178750007,0.005851984,1.5653051,-0.6865585
device,3753.0862880416676,-0.44982964,1.6850713,-0.21870697
device,3753.096273750001,-0.45053166,1.6851627,-0.21947455
device,3753.106602375001,-0.45120293,1.6852489,-0.22023642
Gesamt_3Arm,3753.109984875001,0.0056658983,1.5653089,-0.68650484
device,3753.1163611666675,-0.45178753,1.6853268,-0.22092712
device,3753.126283875001,-0.45233315,1.6854042,-0.22160292
device,3753.1363867916675,-0.45283997,1.6854817,-0.22225747
Gesamt_3Arm,3753.1393113333343,0.005452633,1.5653021,-0.6866181
device,3753.1462947916675,-0.45329696,1.6855606,-0.22287452
device,3753.1562520416674,-0.45372313,1.6856484,-0.22343707
device,3753.166366000001,-0.4541114,1.6857308,-0.22397816
Gesamt_3Arm,3753.1695689166677,0.005277872,1.5653577,-0.68694687
device,3753.1763038333343,-0.45446545,1.6858066,-0.22449541
device,3753.1862771666674,-0.45478213,1.6858758,-0.2249895
device,3753.1964117916673,-0.45507175,1.6859381,-0.2254678
device,3753.206267708334,-0.45532507,1.6859891,-0.22591591
Gesamt_3Arm,3753.206581000001,0.0049341917,1.5652676,-0.68700624
device,3753.2162864166676,-0.4555521,1.6860255,-0.22634658
device,3753.2263136666675,-0.45576185,1.6860492,-0.22675335
Gesamt_3Arm,3753.2294549166677,0.0046369433,1.5652305,-0.6869297
device,3753.236297375001,-0.45597333,1.6860608,-0.22713256
device,3753.2462376666676,-0.45615807,1.6860566,-0.22748654
device,3753.256331833334,-0.45632032,1.6860309,-0.22782044
Gesamt_3Arm,3753.2593654583343,0.0042785406,1.5651684,-0.68705845
device,3753.2662879166674,-0.45645827,1.6859796,-0.22812307
device,3753.2763104166675,-0.45657694,1.6859094,-0.22840092
device,3753.2863788333343,-0.45667273,1.685824,-0.22865617
Gesamt_3Arm,3753.291305375001,0.0039955974,1.5651329,-0.68698287
device,3753.2963380833344,-0.45674318,1.685722,-0.22888589
device,3753.306237583334,-0.45679337,1.685596,-0.2290895
device,3753.316381750001,-0.45684117,1.6854478,-0.229262
Gesamt_3Arm,3753.3193211666676,0.0037208796,1.5650978,-0.68690944
device,3753.3263177500007,-0.4568891,1.685284,-0.22939718
device,3753.336266625001,-0.4569165,1.6850846,-0.22950292
device,3753.3463137916674,-0.45692456,1.6848618,-0.22958049
Gesamt_3Arm,3753.349586750001,0.0035781264,1.5650725,-0.68711567
device,3753.3562566666674,-0.45691133,1.684641,-0.22963199
device,3753.366218750001,-0.45687634,1.68445,-0.22966611
device,3753.3767765000007,-0.4568122,1.6843035,-0.22969055
device,3753.3862733750007,-0.45672613,1.6842078,-0.229707
Gesamt_3Arm,3753.386539333334,0.0033234358,1.5650746,-0.6871779
device,3753.396233083334,-0.45662147,1.6841445,-0.22971416
device,3753.4062226250007,-0.45650238,1.6841047,-0.2297113
Gesamt_3Arm,3753.4091813333343,0.0025067925,1.5652578,-0.6868229
device,3753.416233250001,-0.45637637,1.6841022,-0.22973287
device,3753.4265068333343,-0.4562506,1.6841503,-0.22978985
device,3753.4362367500007,-0.45611995,1.684226,-0.22982931
Gesamt_3Arm,3753.4391587916675,0.0022711754,1.565259,-0.68688536
device,3753.446246958334,-0.45598298,1.6843286,-0.22985339
device,3753.456187083334,-0.45584273,1.6844499,-0.22986206
device,3753.466315000001,-0.4557038,1.6845852,-0.22985756
Gesamt_3Arm,3753.4698667500006,0.0020413995,1.56526,-0.6869445
device,3753.4762849166673,-0.4555685,1.6847264,-0.22984278
device,3753.4862576250007,-0.4554363,1.6848663,-0.22982085
device,3753.496257333334,-0.45531887,1.6849941,-0.22979057
Gesamt_3Arm,3753.4993989166674,0.0029097795,1.5653229,-0.6879585
device,3753.506235750001,-0.45524877,1.6850997,-0.22973704
device,3753.516229500001,-0.45518607,1.6851709,-0.22968316
device,3753.5263120833342,-0.4551322,1.6852003,-0.22962952
Gesamt_3Arm,3753.529809625001,0.0026919842,1.565324,-0.6880114
device,3753.5362606666677,-0.455091,1.6851852,-0.22957847
device,3753.5462250833343,-0.4550659,1.6851277,-0.22952914
device,3753.556309958334,-0.45506024,1.6850278,-0.2294819
Gesamt_3Arm,3753.565522833334,0.0029583573,1.5652311,-0.68818784
device,3753.566234125001,-0.4550752,1.6848947,-0.22943842
device,3753.5762620416676,-0.4551162,1.6847336,-0.22940016
device,3753.5862520416676,-0.4551861,1.6845473,-0.22936769
Gesamt_3Arm,3753.589453833334,0.0029393435,1.5651989,-0.6883292
device,3753.5962653750007,-0.45529127,1.684343,-0.22934493
device,3753.6061837916677,-0.4554265,1.6841383,-0.22933316
device,3753.6162944166676,-0.45559025,1.6839468,-0.22933826
Gesamt_3Arm,3753.619466208334,0.0029197335,1.565168,-0.68846464
device,3753.6262612916676,-0.45578095,1.6837814,-0.22936507
device,3753.6361945416675,-0.45600134,1.6836485,-0.22941542
device,3753.6463555416676,-0.45625204,1.6835463,-0.229491
Gesamt_3Arm,3753.6499826666677,0.0029028654,1.565138,-0.6885965
device,3753.6562261666677,-0.45652598,1.6834829,-0.22959125
device,3753.6662225416676,-0.4568257,1.6834595,-0.22971757
device,3753.676426250001,-0.45715123,1.683481,-0.22987342
Gesamt_3Arm,3753.6796730833344,0.0032470822,1.5652499,-0.68901896
device,3753.6862495833343,-0.45750433,1.6835383,-0.23006797
device,3753.6961863750007,-0.45791954,1.6836232,-0.23033595
device,3753.7062315416674,-0.4583456,1.6837395,-0.2306248
Gesamt_3Arm,3753.7096760416675,0.0032283068,1.5652225,-0.68913865
device,3753.716246500001,-0.45878148,1.6838753,-0.23094067
device,3753.7261883750007,-0.45922726,1.6840229,-0.23128486
device,3753.7364572083343,-0.45969814,1.6841773,-0.23167121
Gesamt_3Arm,3753.745196083334,0.0024265647,1.5652503,-0.68863726
device,3753.746183458334,-0.460155,1.6843183,-0.23206636
device,3753.756180750001,-0.46063524,1.6844511,-0.23250067
device,3753.766235708334,-0.46113795,1.6845628,-0.23295856
Gesamt_3Arm,3753.7692642083343,0.0024287105,1.5652118,-0.688838
device,3753.7762266250006,-0.4616597,1.6846473,-0.23343794
device,3753.7861935416677,-0.46218944,1.6847087,-0.23394534
device,3753.7961884166675,-0.46272647,1.6847476,-0.23448
Gesamt_3Arm,3753.799445208334,0.0036122203,1.5650814,-0.69000626
device,3753.8062214166675,-0.46327627,1.6847641,-0.2350454
device,3753.816177625001,-0.46383163,1.6847599,-0.23563631
device,3753.8262712916676,-0.4644007,1.6847391,-0.23626518
Gesamt_3Arm,3753.8295871250007,0.0036129355,1.5650457,-0.69019246
device,3753.836268833334,-0.46497437,1.6847059,-0.2369227
device,3753.846193250001,-0.46555048,1.6846591,-0.23760843
device,3753.856219375001,-0.46614295,1.6845973,-0.23833477
Gesamt_3Arm,3753.8592358750006,0.003613472,1.5650113,-0.690372
device,3753.8662379583343,-0.46673995,1.6845183,-0.23908865
device,3753.8761466666674,-0.46735036,1.6844249,-0.23987779
device,3753.886218875001,-0.4679858,1.6843132,-0.24071002
Gesamt_3Arm,3753.8894120416676,0.0036129355,1.5649779,-0.6905446
device,3753.896178500001,-0.46863443,1.6841904,-0.24157739
device,3753.9061244166674,-0.46929836,1.6840588,-0.24248573
device,3753.9161695416674,-0.46998352,1.6839187,-0.24344182
Gesamt_3Arm,3753.925300625001,0.0038433075,1.5648783,-0.69103336
device,3753.9261950416676,-0.47068912,1.6837707,-0.24444258
device,3753.9361477916673,-0.47141927,1.6836156,-0.24549472
device,3753.9462116250006,-0.4721747,1.6834537,-0.24659705
Gesamt_3Arm,3753.9494438750007,0.0037320852,1.5648454,-0.69121456
device,3753.956143208334,-0.47296178,1.6832796,-0.24774036
device,3753.966239958334,-0.47384387,1.6830804,-0.24892354
device,3753.9764033750007,-0.4747638,1.6828727,-0.25016582
Gesamt_3Arm,3753.9815522500007,0.0036248565,1.5648139,-0.6913903
device,3753.9861994583343,-0.47568348,1.6826614,-0.25141913
device,3753.996159458334,-0.47663754,1.682444,-0.2527262
device,3754.0062629166673,-0.47762793,1.6822278,-0.2540909
Gesamt_3Arm,3754.0094097916676,0.0037235022,1.5647466,-0.6918762
device,3754.016183333334,-0.478629,1.682021,-0.25547513
device,3754.0262575000006,-0.47966844,1.6818179,-0.25691116
device,3754.036218708334,-0.48074,1.6816254,-0.25838375
Gesamt_3Arm,3754.0396819166676,0.0036233068,1.5647175,-0.6920414
device,3754.046205458334,-0.48185867,1.6814609,-0.2598946
device,3754.0561628333344,-0.48300868,1.6813017,-0.26143944
device,3754.066242500001,-0.48420447,1.6811467,-0.26302814
Gesamt_3Arm,3754.0695195416674,0.003017366,1.5647874,-0.69200015
device,3754.0763797916675,-0.4854443,1.6810006,-0.2646608
device,3754.086098458334,-0.48670197,1.6808691,-0.2662997
device,3754.096195875001,-0.48801872,1.6807492,-0.26800328
Gesamt_3Arm,3754.1055767500006,0.0034213066,1.5647882,-0.6928432
device,3754.1060565000007,-0.48936206,1.680645,-0.26972914
device,3754.1164828750007,-0.4907741,1.6805475,-0.2715341
device,3754.1265304166673,-0.4922219,1.6804589,-0.27336156
Gesamt_3Arm,3754.130262458334,0.0035036206,1.5647683,-0.6932306
device,3754.1361171666676,-0.49367994,1.6803896,-0.27517056
device,3754.146074625001,-0.49520236,1.6803195,-0.2770537
device,3754.156105250001,-0.4967676,1.68025,-0.2789871
Gesamt_3Arm,3754.159432500001,0.0036774278,1.5647553,-0.6938777
device,3754.1661088750006,-0.498367,1.680178,-0.28095663
device,3754.1761041666673,-0.4999997,1.6801058,-0.28296554
device,3754.1861970416676,-0.5016741,1.6800364,-0.28502798
Gesamt_3Arm,3754.191127458334,0.0038497448,1.5647227,-0.6945431
device,3754.196126958334,-0.5033589,1.6799766,-0.2871074
device,3754.206122833334,-0.505084,1.6799277,-0.2892381
device,3754.2161625416675,-0.5068359,1.6799033,-0.29140657
Gesamt_3Arm,3754.2190874583343,0.0040120482,1.5646951,-0.69520235
device,3754.2261150416675,-0.50861293,1.6799037,-0.2935995
device,3754.2360810833343,-0.5104195,1.6799122,-0.29577217
device,3754.246167458334,-0.5122631,1.679956,-0.29800522
Gesamt_3Arm,3754.2498727083344,0.0039667487,1.5646758,-0.6955626
device,3754.256085000001,-0.5141166,1.6800287,-0.30026567
device,3754.2660661666673,-0.51600415,1.6801242,-0.30258262
device,3754.276630250001,-0.51797634,1.6802344,-0.30501533
device,3754.2860786250008,-0.5198682,1.680344,-0.30735892
Gesamt_3Arm,3754.291977958334,0.0036838055,1.564677,-0.6958461
device,3754.2960980416674,-0.5218356,1.6804504,-0.30980676
device,3754.306093583334,-0.52383596,1.680547,-0.31230497
Gesamt_3Arm,3754.3094552083344,0.0035697222,1.5646455,-0.6960616
device,3754.3161054166676,-0.525853,1.680617,-0.3148327
device,3754.3261080416673,-0.5278848,1.6806719,-0.31738734
device,3754.3361770416673,-0.52994984,1.6807148,-0.31999147
Gesamt_3Arm,3754.339519708334,0.0032580495,1.564581,-0.6962123
device,3754.346127333334,-0.53199893,1.680748,-0.32258856
device,3754.3562032916675,-0.53408605,1.6807764,-0.3252449
device,3754.3661860416673,-0.53614914,1.6808006,-0.32788405
Gesamt_3Arm,3754.371049083334,0.0031877756,1.5645621,-0.69643855
device,3754.3760904166675,-0.53821987,1.6808217,-0.33054143
device,3754.386126625001,-0.5403032,1.6808347,-0.33322203
device,3754.396108958334,-0.5423928,1.6808374,-0.33591437
Gesamt_3Arm,3754.3992386250006,0.003217578,1.5645493,-0.69673467
device,3754.406063833334,-0.5444774,1.6808276,-0.33860928
device,3754.4161064166674,-0.5465655,1.6808022,-0.34130335
device,3754.4261735833343,-0.5486588,1.6807617,-0.34399652
Gesamt_3Arm,3754.4297286250007,0.0017640591,1.5645257,-0.6960764
device,3754.4361165416676,-0.55075127,1.6807044,-0.34667808
device,3754.4460749166674,-0.5528358,1.6806297,-0.3493311
device,3754.4562163750006,-0.55494624,1.6805409,-0.35199648
device,3754.466114208334,-0.55700827,1.6804492,-0.35458204
Gesamt_3Arm,3754.4664940416674,0.00051862,1.5644562,-0.6955354
device,3754.4761396666677,-0.55907756,1.6803689,-0.35716236
device,3754.486185208334,-0.5611288,1.6803135,-0.35971463
Gesamt_3Arm,3754.4894046666673,0.0022028089,1.5643618,-0.6966839
device,3754.496147250001,-0.56317145,1.6802757,-0.3622415
device,3754.506078833334,-0.56518763,1.6802189,-0.3646947
device,3754.5161719583343,-0.56719613,1.6802101,-0.36715755
Gesamt_3Arm,3754.519449125001,0.0021100044,1.5645274,-0.697346
device,3754.526126458334,-0.56914026,1.680252,-0.3695737
device,3754.536171875001,-0.571055,1.6803427,-0.3719958
device,3754.546153583334,-0.5729163,1.6804819,-0.37440193
Gesamt_3Arm,3754.549760625001,0.0019625425,1.5645359,-0.69758844
device,3754.5564866666673,-0.5747606,1.6806649,-0.3768453
device,3754.5661098750006,-0.57645255,1.6808755,-0.37915015
device,3754.576236958334,-0.57815367,1.6811321,-0.381526
Gesamt_3Arm,3754.579904208334,0.0018866062,1.5645438,-0.6978891
device,3754.586118458334,-0.5797569,1.6814265,-0.38381112
device,3754.5960822916677,-0.5812977,1.681735,-0.38608527
device,3754.6061108333342,-0.58277935,1.6820478,-0.3883437
Gesamt_3Arm,3754.609708833334,0.0013529658,1.564428,-0.69785094
device,3754.6161172916677,-0.5841922,1.6823466,-0.3905636
device,3754.6260617500006,-0.58553404,1.6826253,-0.39273632
device,3754.636336125001,-0.5868322,1.6828765,-0.3948928
Gesamt_3Arm,3754.645640208334,0.0011557937,1.5643963,-0.69822145
device,3754.6461095416676,-0.58805436,1.6830865,-0.39696997
device,3754.656033875001,-0.58922046,1.6832552,-0.39899397
device,3754.666288250001,-0.5903747,1.6833911,-0.4009951
Gesamt_3Arm,3754.6695055833343,0.0012515187,1.5643667,-0.69851327
device,3754.6761657083343,-0.59149086,1.6834959,-0.40291533
device,3754.6860684583344,-0.5925613,1.6835804,-0.40477967
device,3754.6961156666675,-0.59359044,1.6836597,-0.40659106
Gesamt_3Arm,3754.6996159166674,0.00071299076,1.5643091,-0.69868565
device,3754.706055708334,-0.59457034,1.6837515,-0.4083388
device,3754.716049625001,-0.59550196,1.6838714,-0.4100229
device,3754.726206250001,-0.5963972,1.6840289,-0.4116699
Gesamt_3Arm,3754.7321523750006,0.00061798096,1.5642637,-0.6989372
device,3754.7364088333343,-0.59724563,1.6842234,-0.413265
device,3754.7462112500007,-0.5980386,1.6844491,-0.41478932
device,3754.756047125001,-0.5987771,1.6846983,-0.41624534
Gesamt_3Arm,3754.7594787916673,0.00091290474,1.5643234,-0.6995561
device,3754.7661022083344,-0.5994569,1.6849701,-0.41768798
device,3754.776041333334,-0.6000573,1.6852525,-0.41909087
device,3754.786087250001,-0.6006201,1.6855452,-0.42045248
Gesamt_3Arm,3754.7897305416673,0.0006315112,1.5642343,-0.69977903
device,3754.796084708334,-0.6011434,1.6858366,-0.42176235
device,3754.8060192500006,-0.6016242,1.6861155,-0.42301953
device,3754.8163930833343,-0.6020724,1.6863778,-0.4242444
device,3754.826079708334,-0.60247606,1.6866032,-0.4253955
Gesamt_3Arm,3754.8269779166676,0.0026853085,1.5641935,-0.701138
device,3754.8360705833343,-0.60284704,1.6867946,-0.4265015
device,3754.846070125001,-0.60319453,1.6869532,-0.4275589
Gesamt_3Arm,3754.8492461666674,0.001068294,1.564271,-0.70069623
device,3754.8560550000007,-0.60353583,1.6870902,-0.42856073
device,3754.8660503750007,-0.6038447,1.6871959,-0.42950332
device,3754.876136125001,-0.6041247,1.6872728,-0.4303937
Gesamt_3Arm,3754.8806832916675,0.0005527139,1.5641258,-0.7006037
device,3754.886096583334,-0.6043761,1.6873183,-0.4312161
device,3754.8960230416674,-0.6046062,1.6873292,-0.43198025
device,3754.9061311250007,-0.6048209,1.6873013,-0.43269575
Gesamt_3Arm,3754.9110699166677,0.0004684329,1.5640874,-0.7007179
device,3754.9160737916677,-0.60501575,1.687236,-0.43334302
device,3754.926047708334,-0.60519665,1.6871405,-0.43393576
device,3754.9360625416675,-0.605372,1.6870158,-0.43448114
Gesamt_3Arm,3754.9391503750007,0.0003877282,1.5640503,-0.70082927
device,3754.9460613750007,-0.60556287,1.6868677,-0.43497914
device,3754.9559796666676,-0.60574067,1.6867005,-0.4354249
device,3754.966080583334,-0.6059014,1.6865131,-0.4358216
Gesamt_3Arm,3754.9694074166673,0.000318408,1.5640292,-0.7010348
device,3754.976068125001,-0.6060466,1.6863129,-0.4361627
device,3754.9860285416676,-0.60617775,1.6860995,-0.43645155
device,3754.9963444166674,-0.6062965,1.685877,-0.43669438
device,3755.0060335416674,-0.60640115,1.6856503,-0.4368894
Gesamt_3Arm,3755.0070302916674,0.0004284382,1.5639573,-0.7011709
device,3755.0160229166677,-0.6064971,1.6854247,-0.4370429
device,3755.026125250001,-0.60658306,1.6852219,-0.43715847
Gesamt_3Arm,3755.0295841666675,0.0005405545,1.5638874,-0.7013047
device,3755.036046708334,-0.60665745,1.6850584,-0.43725157
device,3755.045988333334,-0.606729,1.6849427,-0.43736857
device,3755.0560592916677,-0.6067893,1.6848981,-0.43746632
Gesamt_3Arm,3755.0592292083343,0.0010349154,1.5639498,-0.70180607
device,3755.0660502916676,-0.6068348,1.6849306,-0.43754113
device,3755.075990333334,-0.6068651,1.6850352,-0.43759537
device,3755.0860756666675,-0.6068775,1.6852007,-0.43763053
Gesamt_3Arm,3755.0895178750006,0.0011411309,1.5638841,-0.7019322
device,3755.096057333334,-0.60687953,1.6854002,-0.43764585
device,3755.106165333334,-0.60687727,1.6856047,-0.43764
device,3755.1161104583343,-0.60687166,1.6858108,-0.43763006
Gesamt_3Arm,3755.1190442083343,0.0013881922,1.5638585,-0.7021363
device,3755.1260102083343,-0.6068625,1.6860216,-0.43761885
device,3755.135946083334,-0.6068478,1.6862209,-0.43759626
device,3755.146026083334,-0.6068241,1.6864179,-0.4375685
Gesamt_3Arm,3755.1492153333343,0.0014871955,1.5637968,-0.7022536
device,3755.155962375001,-0.6067885,1.6866158,-0.4375386
device,3755.165950583334,-0.6067404,1.6868145,-0.43750948
device,3755.1760674583343,-0.60668045,1.687012,-0.43748266
Gesamt_3Arm,3755.185262000001,0.0017047524,1.5637095,-0.7023783
device,3755.185931000001,-0.6066106,1.687196,-0.43746066
device,3755.1960169166673,-0.6065275,1.6873707,-0.43744504
device,3755.206001375001,-0.60643476,1.6875277,-0.43744397
Gesamt_3Arm,3755.2090965416673,0.0017181039,1.5636517,-0.7024627
device,3755.216014708334,-0.60632664,1.6876714,-0.4374811
device,3755.2259585416673,-0.60621566,1.687787,-0.4375239
device,3755.236093833334,-0.6061014,1.6878728,-0.4375746
Gesamt_3Arm,3755.2392947916674,0.0017321706,1.5635953,-0.70254517
device,3755.2460342916675,-0.60599405,1.6879251,-0.4376372
device,3755.255973083334,-0.60589284,1.6879455,-0.43771577
device,3755.2660330416675,-0.6058038,1.6879328,-0.4378158
Gesamt_3Arm,3755.2695151666676,0.0017437935,1.5635406,-0.7026248
device,3755.2760384166677,-0.6057274,1.6878875,-0.4379388
device,3755.2859880416677,-0.6056672,1.6878172,-0.4380861
device,3755.2960604166674,-0.60562277,1.6877232,-0.43825898
Gesamt_3Arm,3755.299110500001,0.0025097132,1.5636263,-0.7032156
device,3755.3059827916677,-0.6055952,1.6876138,-0.43845797
device,3755.315963000001,-0.605587,1.687515,-0.43870398
device,3755.3260184166675,-0.6055959,1.6873958,-0.43897557
Gesamt_3Arm,3755.3293279166674,0.002523005,1.5635747,-0.7032912
device,3755.3360036666677,-0.6056216,1.6872579,-0.43926212
device,3755.345957250001,-0.605663,1.6871057,-0.43956578
device,3755.3560588750006,-0.60572094,1.6869416,-0.4398898
device,3755.3659766666674,-0.6057939,1.6867774,-0.4402274
Gesamt_3Arm,3755.3663296250006,0.002623856,1.5635208,-0.7033937
device,3755.3759889166677,-0.6058822,1.6866142,-0.44058514
device,3755.3859984166675,-0.6059876,1.6864691,-0.44096947
Gesamt_3Arm,3755.3895990416677,0.0027226806,1.5634682,-0.70349336
device,3755.396003500001,-0.6061105,1.6863642,-0.44138515
device,3755.4059411666676,-0.6062455,1.6862808,-0.44182298
device,3755.416223083334,-0.60639554,1.6862208,-0.442294
Gesamt_3Arm,3755.419658750001,0.0028298497,1.5634614,-0.7034421
device,3755.4259720416676,-0.60655314,1.6861792,-0.4427752
device,3755.4359509166675,-0.6067251,1.6861597,-0.44328794
device,3755.446115875001,-0.6069128,1.68616,-0.44383472
Gesamt_3Arm,3755.4493655416677,0.0029223561,1.5634116,-0.7035358
device,3755.4559422916673,-0.60711163,1.6861752,-0.44440114
device,3755.4659414583343,-0.6073255,1.6862007,-0.44499576
device,3755.4760308333343,-0.6075553,1.6862352,-0.44562268
Gesamt_3Arm,3755.4804371666673,0.0030149817,1.5633628,-0.70362735
device,3755.485964375001,-0.6077993,1.6862786,-0.44628462
device,3755.495904208334,-0.6080516,1.6863296,-0.4469719
device,3755.505927208334,-0.6083212,1.6863859,-0.4476932
Gesamt_3Arm,3755.5095972916674,0.0030986667,1.5633157,-0.70371413
device,3755.515934708334,-0.6086008,1.686445,-0.4484418
device,3755.5258986666677,-0.60889214,1.6865039,-0.44921982
device,3755.5362187916676,-0.6092016,1.6865627,-0.45004904
Gesamt_3Arm,3755.5449857500007,0.0034715533,1.5634454,-0.7040398
device,3755.545885250001,-0.60950553,1.6866156,-0.45087358
device,3755.5559402500007,-0.60982734,1.6866627,-0.45175356
device,3755.5659989166675,-0.6101565,1.6866994,-0.45266116
Gesamt_3Arm,3755.568925458334,0.0036085844,1.5634116,-0.7041366
device,3755.5759395833343,-0.6105016,1.6867299,-0.45361495
device,3755.5858997916675,-0.6108847,1.686787,-0.45465887
device,3755.595949958334,-0.61127543,1.686822,-0.45574793
Gesamt_3Arm,3755.599139833334,0.0037436485,1.5633785,-0.7042315
device,3755.605905833334,-0.61166626,1.6868308,-0.45685935
device,3755.6158852500007,-0.612058,1.6868167,-0.4580074
device,3755.6259319166675,-0.61245626,1.686782,-0.45920277
Gesamt_3Arm,3755.631074958334,0.003867507,1.5633466,-0.70432115
device,3755.635926000001,-0.6128547,1.6867267,-0.46043476
device,3755.645918083334,-0.6132575,1.6866518,-0.46171078
device,3755.6559286666675,-0.6136674,1.686564,-0.46303642
Gesamt_3Arm,3755.6589470416675,0.0039367676,1.5632716,-0.7044072
device,3755.6660207916675,-0.6140836,1.6864789,-0.46440917
device,3755.675913333334,-0.61449987,1.6863878,-0.46581197
device,3755.6859638750007,-0.61492723,1.6862941,-0.46728766
Gesamt_3Arm,3755.6910685416674,0.0040628314,1.5632406,-0.7044947
device,3755.6959094166673,-0.6153608,1.6861984,-0.46880776
device,3755.705941333334,-0.61580604,1.6860969,-0.47039044
device,3755.716094833334,-0.6162649,1.6859932,-0.47204077
device,3755.725963083334,-0.6167235,1.685889,-0.47371042
Gesamt_3Arm,3755.7271652916675,0.0039895773,1.56319,-0.70461535
device,3755.7359736666676,-0.6171964,1.6857798,-0.4754541
device,3755.7459842500007,-0.61768657,1.6856651,-0.47725928
Gesamt_3Arm,3755.749013208334,0.0041767955,1.5631404,-0.704767
device,3755.755902375001,-0.61820334,1.6855395,-0.47908676
device,3755.7659652083344,-0.6187286,1.6854143,-0.48098624
device,3755.775965500001,-0.6192612,1.6852853,-0.48294938
Gesamt_3Arm,3755.7793404166673,0.0042253733,1.563186,-0.7050917
device,3755.7859856666673,-0.61979896,1.6851532,-0.4849832
device,3755.795868083334,-0.6203381,1.6850206,-0.48707435
device,3755.8059277083344,-0.6208846,1.6848857,-0.48926497
Gesamt_3Arm,3755.8096625416674,0.0043727756,1.5631711,-0.7052283
device,3755.8161676250006,-0.62142783,1.6847498,-0.49152684
device,3755.825867250001,-0.6219569,1.6846156,-0.49381316
device,3755.835912125001,-0.6224917,1.6844703,-0.49620876
Gesamt_3Arm,3755.838963208334,0.0044196844,1.5631701,-0.7054975
device,3755.8459032916676,-0.6230162,1.6843156,-0.49867302
device,3755.8558867916677,-0.623499,1.6841412,-0.50119555
device,3755.8658848333343,-0.6239807,1.6839507,-0.50377584
Gesamt_3Arm,3755.8692044166673,0.004621029,1.5632113,-0.7059207
device,3755.8758875000008,-0.6244641,1.6837417,-0.5064217
device,3755.885912500001,-0.6249549,1.6835114,-0.5091301
device,3755.8959136666676,-0.62544674,1.6832712,-0.51187223
Gesamt_3Arm,3755.905219500001,0.0033964515,1.562793,-0.70499134
device,3755.9058171666675,-0.62594366,1.6830243,-0.5146577
device,3755.915893208334,-0.6264434,1.6827756,-0.5175027
device,3755.925903625001,-0.6269515,1.6825328,-0.5203948
Gesamt_3Arm,3755.929301625001,0.0034832954,1.5627893,-0.705075
device,3755.935924500001,-0.6274685,1.6823138,-0.5233107
device,3755.945834333334,-0.6279895,1.6821136,-0.52624154
device,3755.955920250001,-0.62852305,1.681952,-0.5292346
Gesamt_3Arm,3755.959114875001,0.0033891797,1.5630491,-0.7057824
device,3755.9658894166673,-0.62905973,1.6818591,-0.53224885
device,3755.975883000001,-0.6295962,1.6818433,-0.53529936
device,3755.9860561666674,-0.6301369,1.6819068,-0.53841656
Gesamt_3Arm,3755.9923664583343,0.0022341013,1.5628735,-0.7054186
device,3755.9959084166676,-0.6306733,1.682029,-0.5415327
device,3756.0058124166676,-0.63121694,1.6821907,-0.5446887
device,3756.0159936250006,-0.63178605,1.68237,-0.5479114
Gesamt_3Arm,3756.018896000001,0.0019986033,1.5627569,-0.7054002
device,3756.0259005416674,-0.6323753,1.6825497,-0.55113447
device,3756.0358554166673,-0.6329865,1.682713,-0.5543959
device,3756.045905375001,-0.6336233,1.6828526,-0.5577051
Gesamt_3Arm,3756.0502391666673,0.002298355,1.562938,-0.7060368
device,3756.055856083334,-0.6342813,1.6829674,-0.5610258
device,3756.0659450416674,-0.63496286,1.6830593,-0.56437683
device,3756.0760256666676,-0.63567096,1.6831317,-0.56776357
device,3756.0860991666673,-0.6364053,1.6831857,-0.57118183
Gesamt_3Arm,3756.087300875001,0.0017636418,1.5627075,-0.7059331
device,3756.095853250001,-0.63714164,1.6832209,-0.5745239
device,3756.105976750001,-0.63791907,1.6832407,-0.5779632
Gesamt_3Arm,3756.109278375001,0.006445706,1.5626184,-0.7070818
device,3756.115892500001,-0.6387002,1.683234,-0.58135796
device,3756.1258526666675,-0.6395006,1.6831944,-0.5847605
device,3756.1359570833342,-0.6403298,1.6831489,-0.5881927
Gesamt_3Arm,3756.139263250001,0.0012918115,1.5628076,-0.7064564
device,3756.1458893333343,-0.64117074,1.6831001,-0.59158117
device,3756.1558174583342,-0.6420273,1.6830572,-0.59495854
device,3756.1660581666674,-0.6429085,1.683025,-0.59836197
Gesamt_3Arm,3756.1708704166676,0.0050545335,1.5625076,-0.70690346
device,3756.1758924166675,-0.6437797,1.683012,-0.60167813
device,3756.1858692916676,-0.64465165,1.6830264,-0.6049729
device,3756.195843125001,-0.64552844,1.6830786,-0.608244
Gesamt_3Arm,3756.1990058750007,2.9742718e-05,1.562793,-0.706594
device,3756.205868833334,-0.64642197,1.6831777,-0.6114757
device,3756.215893333334,-0.6472872,1.6833239,-0.6146374
device,3756.225883125001,-0.64813465,1.6835135,-0.6177678
Gesamt_3Arm,3756.2295579166675,-0.00052809715,1.5628201,-0.7067065
device,3756.2360922500006,-0.6489664,1.6837363,-0.6208637
device,3756.245845708334,-0.6497639,1.683984,-0.6238618
device,3756.2562481250006,-0.65056604,1.684264,-0.62691015
Gesamt_3Arm,3756.265298500001,-0.0011563897,1.5628885,-0.7070682
device,3756.2658019166674,-0.6513003,1.684546,-0.6297317
device,3756.2758606666675,-0.6520385,1.6848449,-0.6326065
device,3756.2859219583343,-0.65275854,1.6851473,-0.63545036
Gesamt_3Arm,3756.2891890416677,0.000705421,1.5625923,-0.70709515
device,3756.295876833334,-0.6534488,1.6854457,-0.6382163
device,3756.305818875001,-0.6541202,1.6857429,-0.6409469
device,3756.315890083334,-0.6547737,1.6860408,-0.64364773
Gesamt_3Arm,3756.3191003750007,-0.00025200844,1.562777,-0.7075989
device,3756.326012250001,-0.65540487,1.6863415,-0.646312
device,3756.3357891666674,-0.6560064,1.6866343,-0.6488941
device,3756.3458382916674,-0.65659267,1.6869211,-0.65146327
Gesamt_3Arm,3756.3493091666674,-2.5808811e-05,1.562766,-0.70780015
device,3756.3558160416674,-0.65715796,1.6871884,-0.6539886
device,3756.3657989583344,-0.6576968,1.6874331,-0.6564555
device,3756.3759107916676,-0.65821606,1.687655,-0.65889406
Gesamt_3Arm,3756.378937708334,0.00030446053,1.562736,-0.7080958
device,3756.385838625001,-0.6586855,1.6878562,-0.66124964
device,3756.3957817916676,-0.65907407,1.6880363,-0.6635354
device,3756.405841083334,-0.65943986,1.688194,-0.6657799
Gesamt_3Arm,3756.409474333334,0.00030630827,1.5627828,-0.70819974
device,3756.415836208334,-0.6597766,1.6883229,-0.66794986
device,3756.4258188333342,-0.66008717,1.6884218,-0.6700516
device,3756.4358560416676,-0.6603757,1.6884971,-0.6721025
Gesamt_3Arm,3756.444313833334,0.0024332404,1.5627868,-0.7086284
device,3756.4457649166675,-0.6606322,1.6885622,-0.67405623
device,3756.455735125001,-0.66086227,1.6886346,-0.67596585
device,3756.4659065833343,-0.6610972,1.6887374,-0.67782974
Gesamt_3Arm,3756.4689385416673,-0.0017445683,1.5631288,-0.7089746
device,3756.475802250001,-0.6613367,1.688872,-0.6796226
device,3756.4858096666676,-0.66154253,1.6890213,-0.681362
device,3756.496012000001,-0.6617153,1.6891854,-0.68304354
Gesamt_3Arm,3756.499119125001,-0.0017488599,1.5631386,-0.7091768
device,3756.5058037916674,-0.66185457,1.6893563,-0.68464565
device,3756.515773958334,-0.661966,1.6895287,-0.6861875
device,3756.5258926666675,-0.6620552,1.6896954,-0.68768525
Gesamt_3Arm,3756.5320413333343,-0.0019216537,1.563177,-0.70924544
device,3756.5359855000006,-0.66212124,1.6898434,-0.6891053
device,3756.5457809166674,-0.6621661,1.689966,-0.6904295
device,3756.5558989166675,-0.662206,1.690064,-0.69170356
Gesamt_3Arm,3756.5590326666675,-0.0023751855,1.5632809,-0.7095065
device,3756.565847333334,-0.66228145,1.6901298,-0.6929005
device,3756.5757747500006,-0.662337,1.6901597,-0.69401073
device,3756.5858092500007,-0.66234833,1.6901525,-0.6950527
Gesamt_3Arm,3756.5895002083344,-0.0025722384,1.563316,-0.7095685
device,3756.5958056666673,-0.6623663,1.6901176,-0.696014
device,3756.605747333334,-0.66237265,1.690055,-0.6969006
device,3756.6158464166674,-0.66236585,1.6899672,-0.69772005
device,3756.6258297916675,-0.6623471,1.6898605,-0.69846827
Gesamt_3Arm,3756.6261805416675,-0.0028585792,1.5634525,-0.70988464
device,3756.635809375001,-0.66231567,1.6897497,-0.6991523
device,3756.645845125001,-0.6622713,1.6896522,-0.6997745
Gesamt_3Arm,3756.650078583334,-0.0028520226,1.5634978,-0.7099781
device,3756.655729958334,-0.66219634,1.6895818,-0.7003386
device,3756.6657458333343,-0.6620305,1.6895459,-0.7008498
device,3756.676021750001,-0.6618528,1.6895387,-0.70131564
Gesamt_3Arm,3756.6790696666676,-0.0011765957,1.5633188,-0.7099595
device,3756.685755500001,-0.66166633,1.6895504,-0.70172834
device,3756.6957753750007,-0.66146547,1.6895753,-0.70210004
device,3756.7058962083343,-0.6612523,1.689609,-0.70243216
Gesamt_3Arm,3756.7118824166673,-0.001313448,1.5634991,-0.7103963
device,3756.7159285416674,-0.66103214,1.6896465,-0.70271945
device,3756.7257632083342,-0.6607984,1.6896759,-0.702971
device,3756.7360536250007,-0.660562,1.6896929,-0.7031954
Gesamt_3Arm,3756.7392536666675,-0.001311183,1.5635413,-0.7104831
device,3756.7457591666675,-0.6603561,1.6896946,-0.7033913
device,3756.7557105416677,-0.6601351,1.6896768,-0.70355463
device,3756.7657684166675,-0.65990084,1.6896334,-0.7036855
Gesamt_3Arm,3756.769384458334,-0.0013101697,1.5635823,-0.71056724
device,3756.775741625001,-0.6596543,1.689568,-0.70378286
device,3756.785703708334,-0.65939885,1.6894785,-0.70384663
device,3756.7959535833343,-0.65913576,1.6893626,-0.7038799
Gesamt_3Arm,3756.8051639166674,-0.0005045533,1.5635287,-0.7107723
device,3756.805675458334,-0.65887207,1.6892301,-0.7038854
device,3756.815698958334,-0.6586111,1.6890852,-0.7038722
device,3756.825792708334,-0.6583627,1.6889422,-0.703856
Gesamt_3Arm,3756.8287623750007,-0.00049477816,1.5635636,-0.7108562
device,3756.835763583334,-0.65811425,1.6888299,-0.70382524
device,3756.8457177916675,-0.6578691,1.6887654,-0.70378834
device,3756.8557019166674,-0.65762466,1.688758,-0.70375013
Gesamt_3Arm,3756.8589178750008,-0.0004963875,1.5635985,-0.71093845
device,3756.865748750001,-0.6573846,1.6888134,-0.7037182
device,3756.875735958334,-0.657156,1.6889182,-0.7036999
device,3756.8858849583344,-0.65693456,1.6890593,-0.70369416
Gesamt_3Arm,3756.8893574166673,2.2768974e-05,1.5637652,-0.7111473
device,3756.8957317916675,-0.65673023,1.6892182,-0.7037051
device,3756.9056677916674,-0.656538,1.6893889,-0.703728
device,3756.9157594166677,-0.65635675,1.6895671,-0.7037654
Gesamt_3Arm,3756.9187442916673,3.170967e-05,1.5637976,-0.7112248
device,3756.925726708334,-0.6561759,1.6897488,-0.7038236
device,3756.9359392916676,-0.6559806,1.6899421,-0.70393926
device,3756.9460285416676,-0.6557946,1.6901134,-0.7040649
Gesamt_3Arm,3756.9496985833343,-1.4662743e-05,1.5640767,-0.71143603
device,3756.9559287916677,-0.65561193,1.6902493,-0.70419216
device,3756.9659471250006,-0.6554342,1.6903383,-0.70431876
device,3756.9761305416673,-0.6552607,1.6903744,-0.70444494
device,3756.9858343750006,-0.655098,1.6903498,-0.7045607
Gesamt_3Arm,3756.9872517916674,0.00026619434,1.5639238,-0.71122384
device,3756.995838875001,-0.65494,1.6902686,-0.70466954
device,3757.005662958334,-0.65479094,1.6901367,-0.70476896
Gesamt_3Arm,3757.008638375001,0.0001937747,1.5639424,-0.7112918
device,3757.015694500001,-0.65466094,1.6899663,-0.7048679
device,3757.025642333334,-0.6545308,1.6897628,-0.7049563
device,3757.0358310000006,-0.6543999,1.6895366,-0.70503956
Gesamt_3Arm,3757.0388752916674,0.00024056435,1.5640061,-0.71132135
device,3757.0456837916677,-0.6542713,1.6893004,-0.7051184
device,3757.055616875001,-0.6541458,1.6890639,-0.7052002
device,3757.065739458334,-0.6540228,1.6888341,-0.70529133
Gesamt_3Arm,3757.0688878750007,0.00017368793,1.5640237,-0.7113867
device,3757.0757157500007,-0.65390384,1.6886222,-0.70539767
device,3757.0856748750007,-0.6537885,1.688434,-0.70552427
device,3757.0956686666673,-0.6536781,1.6882697,-0.7056775
Gesamt_3Arm,3757.098876708334,0.000106334686,1.5640414,-0.7114501
device,3757.105675083334,-0.6535743,1.6881557,-0.7058723
device,3757.115648500001,-0.6534758,1.68808,-0.7060922
device,3757.1257125000006,-0.6533811,1.6880394,-0.70634323
Gesamt_3Arm,3757.1290984583343,0.00063580275,1.5641451,-0.7114992
device,3757.1357143333344,-0.65329045,1.6880338,-0.70662403
device,3757.145654708334,-0.6532073,1.6880528,-0.706935
device,3757.1560102500007,-0.65312546,1.6880962,-0.70728827
Gesamt_3Arm,3757.164991958334,0.00056284666,1.5641458,-0.7115512
device,3757.165640875001,-0.6530524,1.6881577,-0.7076454
device,3757.1756859166676,-0.65297955,1.6882404,-0.70804524
device,3757.185759583334,-0.65290856,1.688338,-0.7084711
Gesamt_3Arm,3757.1888265000007,0.0004963875,1.564146,-0.711602
device,3757.195701333334,-0.65284127,1.6884408,-0.7089267
device,3757.205660208334,-0.652797,1.6885445,-0.70943624
device,3757.215763875001,-0.6527534,1.6886362,-0.7099719
Gesamt_3Arm,3757.219007875001,0.00042885542,1.5641466,-0.7116518
device,3757.2256999166675,-0.6527073,1.6887056,-0.7105251
device,3757.2356720000007,-0.65265614,1.6887513,-0.71109676
device,3757.2458222916675,-0.65259856,1.6887745,-0.7116971
Gesamt_3Arm,3757.2491347916675,0.00026851892,1.5643386,-0.7118864
device,3757.255718375001,-0.65253335,1.6887753,-0.71231437
device,3757.265695708334,-0.6524598,1.6887524,-0.71295613
device,3757.275753000001,-0.6523773,1.6887059,-0.71362853
Gesamt_3Arm,3757.2788777916676,0.00020438433,1.5643394,-0.7119329
device,3757.2856751666677,-0.6522892,1.6886375,-0.7143259
device,3757.2956589166674,-0.6521941,1.6885383,-0.71505857
device,3757.3056766250006,-0.6520898,1.68841,-0.71583104
Gesamt_3Arm,3757.3089123333343,0.00013977289,1.5643402,-0.71197915
device,3757.3156588750007,-0.6519809,1.6882559,-0.71663934
device,3757.3256270416673,-0.65186566,1.688078,-0.71748495
device,3757.335964250001,-0.65174395,1.68788,-0.71839046
Gesamt_3Arm,3757.3449608750007,-1.5199184e-05,1.5643448,-0.7120664
device,3757.3456238333342,-0.6516201,1.687671,-0.7193174
device,3757.3556925416674,-0.6514954,1.6874497,-0.7203157
device,3757.3656937916676,-0.65137464,1.6872222,-0.7213547
Gesamt_3Arm,3757.3687291666674,0.00017738342,1.5643293,-0.7122586
device,3757.3756570833343,-0.65126354,1.6869944,-0.7224307
device,3757.385626500001,-0.6511518,1.6867572,-0.7235599
device,3757.3956832916674,-0.6510412,1.6865119,-0.72474676
Gesamt_3Arm,3757.3989225833343,2.4914742e-05,1.5643343,-0.712343
device,3757.4056442916676,-0.6509337,1.6862655,-0.7259791
device,3757.4156810416675,-0.650827,1.6860232,-0.72726417
device,3757.4257036666677,-0.65072304,1.6857843,-0.7286072
Gesamt_3Arm,3757.4292623750007,-0.00012224913,1.5643394,-0.7124257
device,3757.435969583334,-0.6506191,1.6855507,-0.7300203
device,3757.445661750001,-0.6505229,1.6853342,-0.73144484
device,3757.4556784166675,-0.6504256,1.6851237,-0.7329505
Gesamt_3Arm,3757.4587841666676,-0.0007303357,1.564529,-0.71282434
device,3757.4656944583344,-0.65032476,1.6849217,-0.73451614
device,3757.475636625001,-0.6502178,1.6847343,-0.7361317
device,3757.4856590416675,-0.6501147,1.6845541,-0.737813
Gesamt_3Arm,3757.489031458334,-0.00087183714,1.5645342,-0.712904
device,3757.4956732916676,-0.6500161,1.6843789,-0.7395494
device,3757.505600375001,-0.6499247,1.6842035,-0.74133897
device,3757.515702583334,-0.64983624,1.6840271,-0.74320173
Gesamt_3Arm,3757.5251765000007,-0.0010015965,1.5645208,-0.71302986
device,3757.5256339583343,-0.6497529,1.6838485,-0.74510336
device,3757.535953708334,-0.6496722,1.6836635,-0.7471022
device,3757.545596083334,-0.6495941,1.6834815,-0.7491112
Gesamt_3Arm,3757.548474500001,0.0032330751,1.5643684,-0.71291757
device,3757.555562458334,-0.6495118,1.6832926,-0.75120026
device,3757.565573250001,-0.64942795,1.6831149,-0.7533407
device,3757.575603583334,-0.649339,1.6829488,-0.75555205
Gesamt_3Arm,3757.578711333334,0.0031051636,1.5643559,-0.7130432
device,3757.5855841666676,-0.649242,1.6827954,-0.75782317
device,3757.5955870000007,-0.64913636,1.682652,-0.76015854
device,3757.605695458334,-0.64902276,1.6825141,-0.7625601
Gesamt_3Arm,3757.6087520416677,-0.003143549,1.564502,-0.7137234
device,3757.6155984583343,-0.64890116,1.6823902,-0.7650037
device,3757.6256211666673,-0.64876634,1.6822888,-0.7675128
device,3757.6356290416675,-0.6486144,1.6822141,-0.77009183
Gesamt_3Arm,3757.6386212083344,-0.0037547946,1.5645595,-0.71418023
device,3757.6455860833344,-0.64843994,1.6821755,-0.77270514
device,3757.655533875001,-0.6482497,1.682163,-0.7753813
device,3757.6656170833344,-0.6480412,1.6821754,-0.77811694
Gesamt_3Arm,3757.669210833334,-0.0038525462,1.5645503,-0.7143035
device,3757.675608458334,-0.6478114,1.6822147,-0.78089553
device,3757.6855845833343,-0.6475624,1.6822746,-0.78371054
device,3757.695779583334,-0.6472872,1.6823583,-0.7865951
Gesamt_3Arm,3757.7050574166674,-0.0046195984,1.5640852,-0.71367836
device,3757.7055310416677,-0.64699095,1.6824578,-0.7894967
device,3757.7158051666675,-0.64665896,1.6825755,-0.7925256
device,3757.725620333334,-0.6463143,1.6826998,-0.7954879
Gesamt_3Arm,3757.732331083334,-0.006020725,1.5641732,-0.7144768
device,3757.735633750001,-0.64592844,1.6828301,-0.79855156
device,3757.7455995416676,-0.645479,1.682957,-0.8016269
device,3757.755708875001,-0.6450072,1.6830741,-0.8047588
Gesamt_3Arm,3757.758838875001,-0.006285727,1.5642401,-0.7148318
device,3757.765577083334,-0.64452314,1.6831739,-0.80789
device,3757.775582208334,-0.6440205,1.6832565,-0.8110602
device,3757.785675333334,-0.64349526,1.6833212,-0.8142781
Gesamt_3Arm,3757.7904771666676,-0.006491244,1.5642396,-0.71516514
device,3757.795647833334,-0.64295906,1.6833714,-0.81747293
device,3757.805548208334,-0.6424044,1.683409,-0.82068825
device,3757.815613375001,-0.6418384,1.6834399,-0.8239391
Gesamt_3Arm,3757.818656083334,-0.0065017343,1.5642159,-0.7155149
device,3757.8256366250007,-0.6412733,1.6834625,-0.827193
device,3757.835605375001,-0.64069015,1.6834701,-0.83045095
device,3757.845681500001,-0.64008296,1.683463,-0.83374983
Gesamt_3Arm,3757.8493385000006,-0.0063441396,1.5641767,-0.71566725
device,3757.8555580000007,-0.6394637,1.6834428,-0.8370359
device,3757.8655652916673,-0.6388241,1.6834137,-0.8403397
device,3757.875922708334,-0.6381536,1.6833771,-0.8437145
device,3757.8856637916674,-0.6374852,1.6833333,-0.84698963
Gesamt_3Arm,3757.8942397916676,-0.0060730577,1.5641032,-0.7158129
device,3757.8955521666676,-0.6367952,1.6832807,-0.8502829
device,3757.905450500001,-0.6360892,1.6832187,-0.85358816
Gesamt_3Arm,3757.9087021666674,-0.0058793426,1.5640814,-0.71592903
device,3757.9154730833343,-0.6353828,1.6831512,-0.85691196
device,3757.9254837916674,-0.63465697,1.6830833,-0.8602276
device,3757.9355370000007,-0.63391477,1.6830193,-0.863533
Gesamt_3Arm,3757.9388147916675,-0.005705178,1.5640583,-0.7161646
device,3757.9455286666675,-0.63315743,1.6829615,-0.8668134
device,3757.9555090416675,-0.6323865,1.6829072,-0.8700681
device,3757.9656195416674,-0.6315996,1.6828579,-0.87332106
Gesamt_3Arm,3757.969213750001,-0.0075370073,1.564522,-0.7176945
device,3757.9758524166673,-0.63079756,1.6828132,-0.87657
device,3757.985575208334,-0.6300072,1.6827791,-0.87971616
device,3757.995613458334,-0.62920624,1.6827618,-0.8828418
Gesamt_3Arm,3757.9985483333344,-0.0074294806,1.5645547,-0.7179351
device,3758.005539333334,-0.6284005,1.6827693,-0.88594484
device,3758.0155432916677,-0.6276291,1.6828266,-0.88898945
device,3758.025552333334,-0.6268543,1.6829041,-0.89200264
Gesamt_3Arm,3758.029144333334,0.0029348135,1.5638804,-0.7144222
device,3758.0355735000007,-0.62607867,1.6829967,-0.89495987
device,3758.0455513750007,-0.6253038,1.6831057,-0.89785933
device,3758.0556293333343,-0.6245195,1.6832308,-0.9007404
device,3758.0655855416676,-0.62374496,1.6833665,-0.9035292
Gesamt_3Arm,3758.065847750001,-0.0035503507,1.5640357,-0.716382
device,3758.075626333334,-0.62296814,1.6835061,-0.9062762
device,3758.0855879166675,-0.622215,1.6836507,-0.90897745
Gesamt_3Arm,3758.090743333334,-0.003011644,1.564047,-0.71642303
device,3758.0955373750007,-0.6215263,1.6838026,-0.91162854
device,3758.105509708334,-0.62082976,1.6839565,-0.91422874
device,3758.115657083334,-0.6201218,1.6841104,-0.9167845
Gesamt_3Arm,3758.1189125416677,-0.0022423863,1.5640464,-0.7164719
device,3758.1255498750006,-0.6194163,1.6842633,-0.9192593
device,3758.135500833334,-0.6187055,1.6844146,-0.92168456
device,3758.145947000001,-0.61798483,1.6845621,-0.92407775
Gesamt_3Arm,3758.1506492916674,0.0013073683,1.5639851,-0.715538
device,3758.155718375001,-0.6172641,1.6847059,-0.9264033
device,3758.165560208334,-0.61655253,1.6848398,-0.92864203
device,3758.175607625001,-0.6158311,1.6849649,-0.9308703
Gesamt_3Arm,3758.178786833334,0.0023920536,1.5641985,-0.7158787
device,3758.185563708334,-0.61513567,1.6850808,-0.9330209
device,3758.195531625001,-0.61443955,1.6851842,-0.9351247
device,3758.205522458334,-0.61374336,1.6852732,-0.9371839
Gesamt_3Arm,3758.209030000001,-0.0053945184,1.5647306,-0.7195449
device,3758.215529833334,-0.613056,1.6853414,-0.9391839
device,3758.225508833334,-0.6123788,1.6853931,-0.9411282
device,3758.235573125001,-0.61170524,1.6854434,-0.9430263
device,3758.245812875001,-0.6110283,1.6855141,-0.94488484
Gesamt_3Arm,3758.2464044583344,-0.005296707,1.5647242,-0.7198205
device,3758.255484500001,-0.6103638,1.6856196,-0.94663954
device,3758.2656351666674,-0.609678,1.6857741,-0.94837445
Gesamt_3Arm,3758.2686998333343,-0.005110383,1.5647386,-0.71990085
device,3758.275542958334,-0.60898703,1.685971,-0.95001507
device,3758.285493208334,-0.60827047,1.68622,-0.9515481
device,3758.2955213333344,-0.6075558,1.6864917,-0.9530318
Gesamt_3Arm,3758.298888625001,-0.005101204,1.5647573,-0.7202177
device,3758.3054855833343,-0.6068474,1.6867795,-0.95445544
device,3758.315514000001,-0.60614735,1.687079,-0.9558251
device,3758.3255809166676,-0.6054483,1.6873829,-0.957149
Gesamt_3Arm,3758.3291332500007,-0.0018572807,1.5643667,-0.7185466
device,3758.3355257500007,-0.6047633,1.6876788,-0.9584062
device,3758.345524500001,-0.6040894,1.6879585,-0.9596067
device,3758.3554941666675,-0.60343105,1.6882148,-0.9607635
Gesamt_3Arm,3758.358902500001,-0.0026997328,1.5644984,-0.71940374
device,3758.3655687916676,-0.6028176,1.6884428,-0.9618962
device,3758.375477583334,-0.6022175,1.6886443,-0.9629681
device,3758.385529583334,-0.6016243,1.688824,-0.96399647
Gesamt_3Arm,3758.3889475833344,-0.002545476,1.564513,-0.7194836
device,3758.395514958334,-0.60104305,1.6889791,-0.9649685
device,3758.405437375001,-0.6004738,1.689109,-0.9658876
device,3758.4156879166676,-0.599912,1.6892121,-0.9667659
device,3758.4255153333343,-0.59937423,1.6892821,-0.96758056
Gesamt_3Arm,3758.425881458334,-0.0027195811,1.5646122,-0.71995664
device,3758.4355454166675,-0.598846,1.6893231,-0.9683573
device,3758.445502708334,-0.5983365,1.689335,-0.96909195
Gesamt_3Arm,3758.448788583334,-0.002513945,1.5646544,-0.7199352
device,3758.4554902916675,-0.5978448,1.6893239,-0.96981215
device,3758.4654654166675,-0.59737056,1.689296,-0.97048116
device,3758.475665958334,-0.5969076,1.6892533,-0.971109
Gesamt_3Arm,3758.479235875001,0.0029826164,1.5644773,-0.7177355
device,3758.4855066250007,-0.59646624,1.6891981,-0.9716859
device,3758.495465000001,-0.59604174,1.68913,-0.9722193
device,3758.5055941666674,-0.5956293,1.6890442,-0.9727168
Gesamt_3Arm,3758.5095480833343,0.0031831264,1.5645182,-0.7177141
device,3758.515594250001,-0.5952335,1.6889365,-0.97317
device,3758.525465083334,-0.5948629,1.6888156,-0.9735811
device,3758.535664000001,-0.5945035,1.6887015,-0.97396356
Gesamt_3Arm,3758.538563000001,-0.0016462803,1.5649297,-0.7204101
device,3758.5455144583343,-0.5941481,1.6886199,-0.97431993
device,3758.555396583334,-0.5937837,1.6885704,-0.9746821
device,3758.5654856666674,-0.5934265,1.6885287,-0.9750159
Gesamt_3Arm,3758.568910125001,-0.0014574528,1.5649688,-0.72039056
device,3758.5754535416677,-0.5930918,1.6884753,-0.97531986
device,3758.585414333334,-0.5927789,1.6884109,-0.97559816
device,3758.5955070416676,-0.5924805,1.6883487,-0.97585106
device,3758.6054099583343,-0.59220546,1.688292,-0.97607636
Gesamt_3Arm,3758.605641833334,-0.0009248853,1.5649971,-0.7203491
device,3758.6154898333343,-0.591953,1.6882389,-0.9762831
device,3758.6254707916673,-0.59172624,1.6881951,-0.9764826
Gesamt_3Arm,3758.628479125001,-0.00081026554,1.5650194,-0.7203913
device,3758.635464125001,-0.59152967,1.6881722,-0.97669387
device,3758.6453949166676,-0.59135675,1.688165,-0.97689086
device,3758.6554589166676,-0.5912053,1.6881751,-0.97707963
Gesamt_3Arm,3758.6588082916674,-0.00070267916,1.5650414,-0.72043395
device,3758.6654613750006,-0.59107673,1.6882005,-0.9772597
device,3758.675409000001,-0.59097326,1.6882354,-0.97743326
device,3758.6854725000007,-0.5908919,1.6882827,-0.9776046
Gesamt_3Arm,3758.6892664583343,-0.00059503317,1.5650626,-0.7204733
device,3758.695545333334,-0.59083,1.6883456,-0.97777104
device,3758.7053662500007,-0.59078676,1.6884205,-0.97793007
device,3758.7154809166673,-0.5907676,1.6885061,-0.9780968
Gesamt_3Arm,3758.7187060833344,0.0018082857,1.5649905,-0.71904373
device,3758.7254544583343,-0.5907778,1.6885967,-0.9782746
device,3758.7354150416677,-0.5908002,1.6886843,-0.9784479
device,3758.7454524166674,-0.5908318,1.6887672,-0.97861934
Gesamt_3Arm,3758.748959250001,0.0019065738,1.565011,-0.7190826
device,3758.7554067916676,-0.59087014,1.6888416,-0.97879034
device,3758.765418250001,-0.59091103,1.6889116,-0.9789639
device,3758.775432375001,-0.59095126,1.6889765,-0.9791419
device,3758.785446333334,-0.5909894,1.6890376,-0.97932816
Gesamt_3Arm,3758.7857678750006,0.0021255612,1.5650303,-0.7190397
device,3758.795468333334,-0.5910241,1.689092,-0.979527
device,3758.805428833334,-0.5910509,1.6891415,-0.9797406
Gesamt_3Arm,3758.8089377083343,0.0023412704,1.5650493,-0.71899676
device,3758.8154942916676,-0.5910755,1.689165,-0.9800121
device,3758.825408500001,-0.59110695,1.6891549,-0.98036504
device,3758.835502000001,-0.59113413,1.6891317,-0.9807329
Gesamt_3Arm,3758.838992125001,0.0010403991,1.5653473,-0.7202368
device,3758.845441708334,-0.59115595,1.6890919,-0.98110914
device,3758.855386708334,-0.59117657,1.6890315,-0.9815035
device,3758.865511583334,-0.5911964,1.6889473,-0.9819189
Gesamt_3Arm,3758.868890708334,0.001241684,1.5653659,-0.7201979
device,3758.875451000001,-0.59121627,1.6888447,-0.98234916
device,3758.8854630416677,-0.59123904,1.6887243,-0.9828
device,3758.8954124583342,-0.5912604,1.6885989,-0.983273
Gesamt_3Arm,3758.899054125001,0.0014409423,1.5653839,-0.7201586
device,3758.905415083334,-0.59127676,1.6884812,-0.98376304
device,3758.9154192083342,-0.59128827,1.6883645,-0.98427385
device,3758.925470750001,-0.5912908,1.6882514,-0.9848139
Gesamt_3Arm,3758.9297301666675,0.0016340017,1.5654018,-0.72012115
device,3758.9354115833344,-0.59128314,1.6881444,-0.9853773
device,3758.9454155000008,-0.5912618,1.6880398,-0.9859686
device,3758.955502458334,-0.5912263,1.687933,-0.9865918
device,3758.9654845416676,-0.5911783,1.6878217,-0.98723775
Gesamt_3Arm,3758.9660580416676,0.0013859868,1.5655056,-0.72049856
device,3758.975420625001,-0.5911179,1.6876996,-0.98791695
device,3758.9854539166677,-0.59104043,1.6875666,-0.9886313
Gesamt_3Arm,3758.9886474166674,0.0015095472,1.5655286,-0.7205148
device,3758.9954317916677,-0.5909469,1.6874295,-0.98937136
device,3759.005339500001,-0.59083503,1.6872898,-0.9901479
device,3759.0155101250007,-0.59070444,1.6871481,-0.99097043
Gesamt_3Arm,3759.018899083334,0.0016226768,1.5655515,-0.72053385
device,3759.025436208334,-0.5905537,1.6870077,-0.991832
device,3759.035384458334,-0.59038246,1.6868726,-0.9927371
device,3759.045528583334,-0.59018713,1.6867434,-0.9936979
Gesamt_3Arm,3759.0508102500007,0.0017360449,1.5655733,-0.7205498
device,3759.0555907916673,-0.58997095,1.6866248,-0.9947017
device,3759.065356000001,-0.58973664,1.6865162,-0.9957359
device,3759.075552500001,-0.5894771,1.686414,-0.9968331
Gesamt_3Arm,3759.0784354166676,0.00626719,1.5653229,-0.7184534
device,3759.085414000001,-0.5891883,1.6863302,-0.99796104
device,3759.0953512916676,-0.5888384,1.6862826,-0.99913573
device,3759.1055062916676,-0.58846015,1.6862426,-1.0003619
Gesamt_3Arm,3759.1088976666674,0.0063751936,1.5653435,-0.7184684
device,3759.1154282500006,-0.58806163,1.6862038,-1.0016181
device,3759.125381750001,-0.58763844,1.686163,-1.0029168
device,3759.135504750001,-0.5871826,1.6861186,-1.0042716
device,3759.1454386666674,-0.5867074,1.686069,-1.0056462
Gesamt_3Arm,3759.1458150000008,0.0064977407,1.5653532,-0.7184675
device,3759.155344375001,-0.58620316,1.6860089,-1.007066
device,3759.165477000001,-0.5856778,1.6859486,-1.0085287
Gesamt_3Arm,3759.1686088750007,0.0043509603,1.5652815,-0.7192855
device,3759.1753955416675,-0.5851313,1.6858879,-1.010024
device,3759.185349958334,-0.58455145,1.6858158,-1.0115498
device,3759.195466000001,-0.5839308,1.6857263,-1.0131243
Gesamt_3Arm,3759.198862875001,0.004466474,1.5652907,-0.7192848
device,3759.2053762916676,-0.5832776,1.6856159,-1.0147287
device,3759.215356208334,-0.58258796,1.6854782,-1.0163738
device,3759.225431625001,-0.5818561,1.6853068,-1.018079
Gesamt_3Arm,3759.231152625001,0.00458163,1.5652996,-0.7192824
device,3759.2354272500006,-0.58109075,1.6851077,-1.0198157
device,3759.2454317083343,-0.5802867,1.6848769,-1.0216019
device,3759.2554126250006,-0.57943827,1.6846085,-1.0234559
Gesamt_3Arm,3759.2585569166677,0.008345485,1.5651897,-0.71769094
device,3759.265408083334,-0.57857734,1.6843009,-1.025336
device,3759.275366625001,-0.5776732,1.6839484,-1.0272831
device,3759.2853915833343,-0.57672566,1.683557,-1.0292966
Gesamt_3Arm,3759.288701125001,0.003988743,1.5653427,-0.7201705
device,3759.295382625001,-0.5757361,1.6831383,-1.0313666
device,3759.305301833334,-0.57470673,1.6827074,-1.0334872
device,3759.315408000001,-0.5736214,1.6822698,-1.0356873
device,3759.3253611666673,-0.57250303,1.6818384,-1.0379192
Gesamt_3Arm,3759.3257212500007,0.0053730607,1.5652347,-0.71935153
device,3759.335407333334,-0.571328,1.6814165,-1.0402288
device,3759.345440458334,-0.57010967,1.681009,-1.0425951
Gesamt_3Arm,3759.348837833334,0.0054495335,1.5652583,-0.71935916
device,3759.3553700000007,-0.5688532,1.6806226,-1.0450101
device,3759.365336958334,-0.5675707,1.6802844,-1.047479
device,3759.3754375416675,-0.5662388,1.6799526,-1.050017
Gesamt_3Arm,3759.378947750001,0.003322482,1.565492,-0.72121096
device,3759.3853710416674,-0.5648693,1.6796283,-1.052596
device,3759.395335625001,-0.5634559,1.6793146,-1.0552268
device,3759.405384208334,-0.56198746,1.6790074,-1.057923
Gesamt_3Arm,3759.4089303750006,0.004461527,1.565338,-0.7203398
device,3759.415411083334,-0.5604814,1.6787056,-1.0606507
device,3759.425374500001,-0.5589426,1.6784012,-1.0634
device,3759.435534333334,-0.55734247,1.678083,-1.0662066
Gesamt_3Arm,3759.438654708334,0.0042374134,1.5652918,-0.7205417
device,3759.4453989166673,-0.5557028,1.677766,-1.0690099
device,3759.455391583334,-0.5540262,1.6774758,-1.0718546
device,3759.4653346666673,-0.5523252,1.6772726,-1.0747068
Gesamt_3Arm,3759.469065333334,0.004309416,1.5653139,-0.7205486
device,3759.4753395000007,-0.5505662,1.6772054,-1.0775889
device,3759.485309708334,-0.54873866,1.6772873,-1.0804782
device,3759.495423750001,-0.5468356,1.6774815,-1.0833873
Gesamt_3Arm,3759.504649000001,0.009945691,1.5651312,-0.7170644
device,3759.505288125001,-0.5448932,1.6777219,-1.0862898
device,3759.515323875001,-0.54290056,1.6779602,-1.0892261
device,3759.5253074583343,-0.5408801,1.678176,-1.0921763
Gesamt_3Arm,3759.528472958334,0.009333968,1.5651894,-0.7177181
device,3759.535360250001,-0.5388517,1.6783776,-1.0951214
device,3759.5453081666674,-0.53679866,1.6785508,-1.0980604
device,3759.555329208334,-0.53471065,1.6786977,-1.1010057
Gesamt_3Arm,3759.558910375001,0.0055042505,1.5648854,-0.719249
device,3759.565295125001,-0.5326197,1.6788135,-1.1039153
device,3759.575293500001,-0.5305099,1.6788936,-1.1068128
device,3759.5853388750006,-0.52839416,1.6789274,-1.1096897
Gesamt_3Arm,3759.590235333334,0.0054009557,1.5649021,-0.7193265
device,3759.5953602916675,-0.5262851,1.678915,-1.1125324
device,3759.6053174166673,-0.5241827,1.6788586,-1.115342
device,3759.615381458334,-0.52208835,1.6787696,-1.11812
Gesamt_3Arm,3759.6184386250006,0.0042579174,1.5648553,-0.7201276
device,3759.625330208334,-0.52002114,1.6786536,-1.1208589
device,3759.635288083334,-0.5180032,1.6784842,-1.1235951
device,3759.645426250001,-0.5159886,1.6783034,-1.1263145
Gesamt_3Arm,3759.6511555416673,-0.0011077523,1.5652627,-0.7254133
device,3759.6552702916674,-0.5140075,1.6781163,-1.128984
device,3759.6652677916677,-0.51204985,1.6779275,-1.1316206
device,3759.675392208334,-0.5100973,1.6777515,-1.1342559
device,3759.685478125001,-0.5081752,1.6776168,-1.1368489
Gesamt_3Arm,3759.688074833334,-0.00039207935,1.5652307,-0.7248571
device,3759.695310458334,-0.50630325,1.6775467,-1.139363
device,3759.7052744166676,-0.5044201,1.6775422,-1.1418715
Gesamt_3Arm,3759.7088516666677,0.0002989769,1.5652095,-0.72427773
device,3759.715322958334,-0.5025607,1.6775954,-1.1443279
device,3759.725282958334,-0.50072813,1.6777066,-1.1467448
device,3759.7354934166674,-0.49890518,1.6778765,-1.1491421
Gesamt_3Arm,3759.738717875001,-0.0011185408,1.5653923,-0.7260964
device,3759.7453279166675,-0.49711376,1.6780989,-1.1514957
device,3759.755263708334,-0.49534458,1.6783683,-1.1538181
device,3759.765470333334,-0.49357742,1.6786767,-1.1561296
Gesamt_3Arm,3759.770368500001,-0.00089740753,1.5653838,-0.72596645
device,3759.775337583334,-0.49185687,1.6790049,-1.1583776
device,3759.7853167500007,-0.4901492,1.6793497,-1.1606033
device,3759.7952537083343,-0.48846495,1.6796982,-1.1628035
Gesamt_3Arm,3759.7984845416677,0.001585722,1.5652637,-0.7239287
device,3759.805263375001,-0.48683903,1.6800364,-1.1649765
device,3759.815277750001,-0.48523515,1.6803674,-1.1671104
device,3759.8253409166673,-0.4836381,1.6806909,-1.1692252
Gesamt_3Arm,3759.8295999166676,0.0015619993,1.565237,-0.72396755
device,3759.835379208334,-0.48204297,1.6810131,-1.1713269
device,3759.845295875001,-0.4804893,1.6813222,-1.1733625
device,3759.8553144166676,-0.47892448,1.6816266,-1.1753999
device,3759.8653264166674,-0.47739202,1.6819068,-1.1773868
Gesamt_3Arm,3759.865667583334,0.0016168356,1.5652701,-0.72440886
device,3759.8752624166673,-0.47587544,1.6821568,-1.1793485
device,3759.885404958334,-0.4743629,1.6823776,-1.1813078
Gesamt_3Arm,3759.888678250001,0.0016980171,1.5652324,-0.7243259
device,3759.8953021666675,-0.4729026,1.6825573,-1.1832211
device,3759.9052726250006,-0.4714712,1.6827059,-1.1851677
device,3759.915341208334,-0.47005916,1.6828278,-1.1870834
Gesamt_3Arm,3759.9187801666676,0.001721859,1.5652816,-0.72477293
device,3759.9252820416673,-0.46867192,1.6829413,-1.1889545
device,3759.935290375001,-0.46730277,1.6830568,-1.1907748
device,3759.945280375001,-0.46595025,1.6831816,-1.1925503
Gesamt_3Arm,3759.9507988333344,-0.0003119707,1.5654632,-0.7272332
device,3759.955276750001,-0.46461457,1.6833233,-1.1942754
device,3759.965308083334,-0.4633,1.6834794,-1.1959485
device,3759.975287333334,-0.46201342,1.6836522,-1.1975777
Gesamt_3Arm,3759.9784217916676,0.0016576052,1.5653263,-0.72534156
device,3759.9855332083343,-0.4607795,1.6838424,-1.199167
device,3759.995230583334,-0.4595931,1.6840347,-1.2006742
device,3760.005285458334,-0.45840794,1.6842376,-1.2021642
Gesamt_3Arm,3760.009341000001,-0.00025856495,1.5655012,-0.7277856
device,3760.015270625001,-0.45724374,1.684452,-1.2036035
device,3760.0252307916676,-0.45610052,1.6846753,-1.2049968
device,3760.0353515416673,-0.45496488,1.6849017,-1.2063631
device,3760.0453107916674,-0.45386225,1.6851192,-1.2076752
Gesamt_3Arm,3760.0456702916676,-1.8298626e-05,1.5654813,-0.7277055
device,3760.0552520833344,-0.45277697,1.685325,-1.2089539
device,3760.065274833334,-0.45171052,1.6855235,-1.210202
Gesamt_3Arm,3760.0684095000006,0.0016650558,1.5653852,-0.7261367
device,3760.0752736666673,-0.45067054,1.6857154,-1.2114234
device,3760.085227458334,-0.44965327,1.6858914,-1.2126006
device,3760.0952927916674,-0.44865102,1.6860505,-1.213738
Gesamt_3Arm,3760.098589333334,9.2327595e-05,1.5655476,-0.72847795
device,3760.105231000001,-0.44766882,1.6861937,-1.2148317
device,3760.115223750001,-0.4467098,1.6863201,-1.215878
device,3760.125333958334,-0.4457612,1.6864284,-1.2168883
Gesamt_3Arm,3760.1304921666674,-3.7312508e-05,1.5655726,-0.7287135
device,3760.135493375001,-0.44483936,1.6865177,-1.2178458
device,3760.1452325833343,-0.44394833,1.6865903,-1.2187448
device,3760.1552845833344,-0.44306275,1.6866524,-1.219607
Gesamt_3Arm,3760.158288208334,0.0015386939,1.565462,-0.7272346
device,3760.165286625001,-0.44218963,1.6866865,-1.2204287
device,3760.1752322083344,-0.44131365,1.686669,-1.2212254
device,3760.185257958334,-0.4404548,1.6866452,-1.2219785
Gesamt_3Arm,3760.1888575416674,0.0015192628,1.5655249,-0.72787786
device,3760.1952252916676,-0.43961963,1.6866142,-1.2226876
device,3760.2051789166676,-0.4388058,1.6865826,-1.2233509
device,3760.2152971666674,-0.43800598,1.6865604,-1.223975
device,3760.225297500001,-0.43722367,1.6865535,-1.2245525
Gesamt_3Arm,3760.2342032083343,3.1530857e-05,1.565642,-0.730114
device,3760.235247833334,-0.4364608,1.6865643,-1.2250769
device,3760.2452821666675,-0.43571147,1.6865863,-1.225557
Gesamt_3Arm,3760.2489300416673,5.364418e-07,1.5656587,-0.7302427
device,3760.2551998333342,-0.43500507,1.6866126,-1.2259761
device,3760.265189208334,-0.43431723,1.6866353,-1.226348
device,3760.275292875001,-0.43364233,1.6866522,-1.2266762
Gesamt_3Arm,3760.2789750000006,0.0019333363,1.5655255,-0.72812843
device,3760.285229125001,-0.43299168,1.6866599,-1.2269537
device,3760.2952168750007,-0.432363,1.6866574,-1.2271837
device,3760.3052110416675,-0.43175694,1.6866424,-1.2273682
Gesamt_3Arm,3760.3087899583343,0.0021110773,1.5656127,-0.7284374
device,3760.3156090000007,-0.43116707,1.6866117,-1.2275083
device,3760.3251942083343,-0.43063027,1.6865757,-1.2276013
device,3760.3352142500007,-0.43010688,1.6865331,-1.2276622
Gesamt_3Arm,3760.338294583334,0.0008289218,1.5657679,-0.73039865
device,3760.345223750001,-0.42961484,1.6864781,-1.2276969
device,3760.355162375001,-0.4291528,1.6863959,-1.2276886
device,3760.365204458334,-0.42872065,1.6862828,-1.227642
Gesamt_3Arm,3760.369464125001,0.0007979274,1.5657827,-0.730515
device,3760.3752146666675,-0.428317,1.6861475,-1.2275596
device,3760.3851635416677,-0.42793852,1.6860118,-1.2274435
device,3760.3952346666674,-0.42757833,1.6858848,-1.2272938
Gesamt_3Arm,3760.404586208334,0.0025019646,1.56567,-0.72867036
device,3760.4051552083342,-0.42724174,1.6857734,-1.2271204
device,3760.4151604166673,-0.426928,1.685678,-1.2269255
device,3760.425283000001,-0.42663378,1.6856014,-1.2267127
Gesamt_3Arm,3760.4285115416674,0.0028145313,1.5657167,-0.72875094
device,3760.4352004166676,-0.42635804,1.685545,-1.2264893
device,3760.445159833334,-0.42609996,1.6854922,-1.2262759
device,3760.4551394166674,-0.42586255,1.6854588,-1.2260569
Gesamt_3Arm,3760.4583696666673,0.0028428435,1.5657034,-0.72882104
device,3760.4651951250007,-0.42564452,1.685448,-1.2258345
device,3760.475141833334,-0.4254459,1.6854581,-1.2256116
device,3760.4852889166673,-0.42526138,1.6854947,-1.2253813
Gesamt_3Arm,3760.4888673333344,0.00286901,1.5656905,-0.7288897
device,3760.495232458334,-0.42509538,1.6855539,-1.2251508
device,3760.5051128333344,-0.4249438,1.685634,-1.2249142
device,3760.5152530833343,-0.42480272,1.6857429,-1.2246649
Gesamt_3Arm,3760.5182825416673,0.0024504066,1.5658331,-0.7297232
device,3760.525170500001,-0.42467552,1.6858807,-1.2244081
device,3760.5351259166673,-0.4245512,1.6860303,-1.2241378
device,3760.545183708334,-0.42442983,1.6861852,-1.2238548
Gesamt_3Arm,3760.5484129166675,0.002474904,1.5658213,-0.729789
device,3760.555139458334,-0.42431206,1.6863399,-1.2235577
device,3760.5651129583343,-0.42419767,1.6864897,-1.2232481
device,3760.5754862500007,-0.4240799,1.6866405,-1.2229127
device,3760.5851795416675,-0.4239685,1.686775,-1.222584
Gesamt_3Arm,3760.5860646666674,0.0032289624,1.5657917,-0.72899246
device,3760.595159125001,-0.4238518,1.6868985,-1.2222342
device,3760.6051291666677,-0.4237296,1.6869997,-1.2218747
Gesamt_3Arm,3760.608845583334,0.0032071471,1.5657876,-0.7290795
device,3760.6151622083344,-0.4235978,1.6870755,-1.2215065
device,3760.625132333334,-0.42346352,1.6871082,-1.2211456
device,3760.6352371666676,-0.42332345,1.6870921,-1.2207947
Gesamt_3Arm,3760.6383510416676,0.0026581287,1.5658048,-0.7302942
device,3760.6451710416677,-0.42317933,1.6870229,-1.2204599
device,3760.6550710416673,-0.42303115,1.6869035,-1.2201524
device,3760.665245750001,-0.42287427,1.686733,-1.2198658
Gesamt_3Arm,3760.668469458334,0.0026373863,1.565801,-0.73037624
device,3760.6751955416676,-0.4227146,1.686517,-1.2196089
device,3760.6851996666674,-0.42255366,1.6862578,-1.2193824
device,3760.695238208334,-0.42239124,1.6859641,-1.2191901
Gesamt_3Arm,3760.6984208333342,0.0026168823,1.5657974,-0.73045564
device,3760.7051305833343,-0.4222328,1.6856431,-1.219032
device,3760.7151321666674,-0.42210436,1.6852934,-1.2188891
device,3760.725171333334,-0.42196494,1.6849498,-1.2187829
Gesamt_3Arm,3760.7287725833344,0.0030863285,1.5658407,-0.73032784
device,3760.7352295416676,-0.42180783,1.6846273,-1.2187133
device,3760.7451294166676,-0.42163086,1.6843399,-1.2186788
device,3760.7551585416677,-0.42142332,1.6840777,-1.2186776
Gesamt_3Arm,3760.7642731250007,0.003123343,1.5658233,-0.73035955
device,3760.765107583334,-0.42118928,1.6838412,-1.2187132
device,3760.7751664166676,-0.4209216,1.6836195,-1.2187914
device,3760.7851539166677,-0.4206245,1.6834099,-1.2189103
Gesamt_3Arm,3760.7883901250007,0.003158927,1.5658064,-0.730391
device,3760.795202875001,-0.4202966,1.6832267,-1.2190669
device,3760.8050802916673,-0.4199353,1.6830436,-1.2192755
device,3760.815561750001,-0.41952032,1.6828616,-1.2195458
Gesamt_3Arm,3760.8185149166675,0.0031957626,1.5657899,-0.73041844
device,3760.825196458334,-0.41908318,1.6827091,-1.2198455
device,3760.835121750001,-0.4185923,1.6825838,-1.2201909
device,3760.8452465833343,-0.41805005,1.6824954,-1.2205752
Gesamt_3Arm,3760.848569500001,0.0037718415,1.565793,-0.7299247
device,3760.8554991666674,-0.41744947,1.6824431,-1.2209953
device,3760.865249125001,-0.41680914,1.6824255,-1.2214396
device,3760.8752315416673,-0.416125,1.6824353,-1.2219119
Gesamt_3Arm,3760.878210375001,0.0038050413,1.5657777,-0.7299521
device,3760.885101750001,-0.4153828,1.6824676,-1.2224178
device,3760.895081000001,-0.4145863,1.6825231,-1.2229513
device,3760.9051211250007,-0.41374463,1.6825893,-1.2235091
Gesamt_3Arm,3760.9090231250007,0.003838241,1.5657626,-0.7299776
device,3760.915136208334,-0.41286224,1.6826525,-1.2240942
device,3760.925121083334,-0.41193795,1.6827085,-1.2247037
device,3760.9352315416677,-0.4109555,1.6827589,-1.2253463
device,3760.945476750001,-0.40992236,1.6828033,-1.2260121
Gesamt_3Arm,3760.9460317500007,0.003908217,1.565743,-0.7299769
device,3760.9551326666674,-0.40886658,1.682844,-1.2266772
device,3760.965157833334,-0.40774393,1.6828803,-1.2273647
Gesamt_3Arm,3760.968235500001,0.0039868355,1.5657061,-0.73016906
device,3760.9751216250006,-0.40657175,1.6828994,-1.2280604
device,3760.985113458334,-0.40536553,1.6828879,-1.228734
device,3760.9951791666676,-0.40410882,1.6828492,-1.2294273
Gesamt_3Arm,3760.9987258750007,0.0040535927,1.5656873,-0.73016834
device,3761.0050781250006,-0.40279585,1.6827781,-1.2301445
device,3761.0150910000007,-0.40143055,1.6826757,-1.2308846
device,3761.0252769166673,-0.399988,1.6825386,-1.2316628
Gesamt_3Arm,3761.0305128333343,0.004121244,1.5656686,-0.7301655
device,3761.035111875001,-0.39853,1.6823751,-1.2324494
device,3761.045111708334,-0.39700422,1.6821818,-1.2332739
device,3761.055148250001,-0.39541924,1.6819621,-1.2341276
Gesamt_3Arm,3761.0582980416675,0.0045567155,1.5654455,-0.72972107
device,3761.065111208334,-0.3937946,1.6817223,-1.2349865
device,3761.075079625001,-0.3921187,1.6814598,-1.2358874
device,3761.085156583334,-0.39037365,1.6811752,-1.236841
Gesamt_3Arm,3761.0887736250006,0.004746914,1.5653932,-0.7297325
device,3761.0950892916676,-0.38858962,1.6808753,-1.2378362
device,3761.105042708334,-0.38674945,1.6805665,-1.2388842
device,3761.1152885416673,-0.384839,1.6802504,-1.2399964
device,3761.125122125001,-0.38290173,1.67994,-1.2411494
Gesamt_3Arm,3761.1257507916675,0.0048823953,1.5654022,-0.729727
device,3761.1351392916677,-0.38091457,1.6796303,-1.2423633
device,3761.1451467916677,-0.37887746,1.6793249,-1.2436388
Gesamt_3Arm,3761.1483771666676,0.004927993,1.5653982,-0.7296803
device,3761.1550709166677,-0.37680143,1.6790309,-1.2449682
device,3761.165101833334,-0.3746793,1.6787448,-1.246365
device,3761.1751689583343,-0.37250388,1.6784638,-1.2478355
Gesamt_3Arm,3761.1784861666674,0.0047546625,1.5654384,-0.73005915
device,3761.185104000001,-0.3703155,1.678198,-1.2493479
device,3761.1950797916675,-0.36807472,1.677942,-1.2509267
device,3761.2051604583344,-0.3657729,1.6776907,-1.2525749
Gesamt_3Arm,3761.210338333334,0.004768193,1.5654541,-0.7301619
device,3761.2152890000007,-0.3634323,1.6774422,-1.254279
device,3761.225068708334,-0.3611042,1.6772028,-1.2559981
device,3761.2351665833344,-0.3586867,1.6769673,-1.2578021
Gesamt_3Arm,3761.237999708334,0.00428617,1.5654204,-0.73100114
device,3761.245320458334,-0.35623655,1.676735,-1.2596422
device,3761.2550052916677,-0.3538193,1.6765016,-1.261441
device,3761.2650558750006,-0.3513323,1.6762776,-1.2633048
Gesamt_3Arm,3761.2688639166677,0.0042352676,1.565359,-0.73083615
device,3761.275091708334,-0.34880602,1.676096,-1.2652005
device,3761.285016083334,-0.34623116,1.6759903,-1.2671258
device,3761.2951565416674,-0.34355956,1.6759849,-1.2691004
device,3761.305161750001,-0.340863,1.6760849,-1.2710563
Gesamt_3Arm,3761.3054934583342,0.0044718385,1.5650579,-0.73015356
device,3761.3150621666673,-0.33813322,1.6762682,-1.2729982
device,3761.325111583334,-0.33530053,1.6765093,-1.2749666
Gesamt_3Arm,3761.3281729166674,0.0038638115,1.5649735,-0.7310066
device,3761.335065208334,-0.33247274,1.6767799,-1.2768703
device,3761.3449975416675,-0.32958454,1.6770551,-1.278795
device,3761.3551145416677,-0.32660598,1.6773251,-1.2807598
Gesamt_3Arm,3761.358379375001,0.00250566,1.5647438,-0.7332208
device,3761.365051208334,-0.3236311,1.677575,-1.282707
device,3761.3750016666677,-0.32061452,1.677804,-1.2846675
device,3761.385160750001,-0.31753615,1.6780151,-1.2866565
Gesamt_3Arm,3761.3900877083342,0.0021301508,1.5646266,-0.73393416
device,3761.395413083334,-0.31444567,1.6782064,-1.2886417
device,3761.404986125001,-0.31142098,1.6783742,-1.2905755
device,3761.4151961666676,-0.30831993,1.6785254,-1.292549
Gesamt_3Arm,3761.4181041666675,0.0020817518,1.5644321,-0.7342181
device,3761.425066458334,-0.3052569,1.6786615,-1.2944992
device,3761.4350205416677,-0.30226198,1.6787931,-1.2964298
device,3761.445108250001,-0.29923737,1.6789213,-1.2983707
Gesamt_3Arm,3761.4488298750007,0.001818955,1.564357,-0.73476434
device,3761.455009458334,-0.2962483,1.6790515,-1.3002805
device,3761.465004208334,-0.29327536,1.6791915,-1.3021742
device,3761.4752469166674,-0.2902759,1.6793491,-1.3040806
device,3761.4851127083343,-0.2873494,1.679527,-1.3059344
device,3761.495028750001,-0.28446895,1.6797423,-1.3077502
Gesamt_3Arm,3761.4953705000007,0.0023021698,1.5642102,-0.73422146
device,3761.505054583334,-0.28156865,1.6800102,-1.3095673
Gesamt_3Arm,3761.5086239166676,0.0022197366,1.5641472,-0.73462415
device,3761.5150616666674,-0.2787357,1.6803392,-1.3113177
device,3761.524985583334,-0.27594098,1.6807438,-1.3130118
device,3761.535088333334,-0.27315733,1.6811949,-1.3146721
Gesamt_3Arm,3761.5382729166677,0.0022955537,1.5640674,-0.735126
device,3761.545010333334,-0.2704231,1.6816761,-1.3162804
device,3761.554963958334,-0.26771802,1.6821805,-1.3178461
device,3761.5650335833343,-0.2650401,1.6826956,-1.3193712
Gesamt_3Arm,3761.5701676666677,0.0022803545,1.56397,-0.73549557
device,3761.575064625001,-0.26239818,1.6832101,-1.3208513
device,3761.585112083334,-0.259785,1.6837142,-1.322295
device,3761.5950497500007,-0.25722265,1.6841896,-1.3236836
Gesamt_3Arm,3761.597986375001,0.0022289157,1.5638379,-0.7365477
device,3761.605011708334,-0.25469565,1.6846129,-1.3249987
device,3761.615007833334,-0.25221676,1.6849972,-1.3262761
device,3761.625074583334,-0.24975103,1.6853467,-1.3275387
Gesamt_3Arm,3761.6293470416676,0.002275467,1.5637622,-0.7368846
device,3761.635057708334,-0.2473473,1.6856587,-1.3287601
device,3761.644999875001,-0.24498779,1.6859376,-1.3299518
device,3761.655345833334,-0.24259645,1.6861895,-1.3311529
device,3761.665084625001,-0.24036282,1.6863903,-1.332272
Gesamt_3Arm,3761.6653294166676,0.0026401281,1.5637512,-0.737159
device,3761.675023583334,-0.23815149,1.6865544,-1.3333814
device,3761.685027375001,-0.23596221,1.6866823,-1.3344765
Gesamt_3Arm,3761.688628083334,0.0030055642,1.5637469,-0.7369144
device,3761.695046750001,-0.23382145,1.6867771,-1.3355341
device,3761.704997333334,-0.23173827,1.6868541,-1.3365633
device,3761.715092833334,-0.22968704,1.6869152,-1.3375738
Gesamt_3Arm,3761.7182709166673,0.0030905604,1.5639246,-0.7382567
device,3761.725027583334,-0.22771583,1.6869521,-1.3385419
device,3761.7350966666677,-0.22578476,1.6869601,-1.3394891
device,3761.7450829166673,-0.22390352,1.6869289,-1.3404115
Gesamt_3Arm,3761.7504144166674,0.0033565164,1.5639248,-0.7381823
device,3761.755319125001,-0.22206338,1.6868618,-1.341312
device,3761.7649795000007,-0.22033113,1.6867619,-1.3421578
device,3761.7751335000007,-0.21860033,1.6866292,-1.3430002
Gesamt_3Arm,3761.7780200416673,0.003891945,1.5639066,-0.7372625
device,3761.785012083334,-0.21695477,1.6864781,-1.3438005
device,3761.7949799166677,-0.21534485,1.6863213,-1.3445911
device,3761.8049731666674,-0.21377335,1.6861715,-1.3453528
Gesamt_3Arm,3761.808546375001,0.0039671063,1.5639907,-0.7385812
device,3761.815039583334,-0.21225141,1.686057,-1.3460683
device,3761.825008250001,-0.21077102,1.6859843,-1.3467379
device,3761.8351961666676,-0.20931204,1.685954,-1.3473684
device,3761.8450430416674,-0.20791705,1.6859564,-1.3479451
Gesamt_3Arm,3761.8452947916676,0.0047641397,1.5640345,-0.73772216
device,3761.8549596666676,-0.20656009,1.6859785,-1.3484854
device,3761.8650120000007,-0.20523244,1.686007,-1.3489721
Gesamt_3Arm,3761.8680977500007,0.004752338,1.5640204,-0.7378783
device,3761.8750206666673,-0.20393525,1.6860368,-1.3493825
device,3761.8849834166676,-0.20269066,1.6860734,-1.3497717
device,3761.8949757916675,-0.20149094,1.6861142,-1.3501437
Gesamt_3Arm,3761.8982742500007,0.004685521,1.5640774,-0.7395253
device,3761.9049143750008,-0.20033878,1.6861501,-1.3504989
device,3761.9149835416674,-0.19923145,1.6861795,-1.3508384
device,3761.9252353750007,-0.19816215,1.6862037,-1.3511645
Gesamt_3Arm,3761.9284126666676,0.0050311685,1.5641863,-0.73999643
device,3761.9350451666674,-0.19715828,1.6862214,-1.3514674
device,3761.9449635416677,-0.19620727,1.6862379,-1.35175
device,3761.9549550000006,-0.19529837,1.6862528,-1.3520153
Gesamt_3Arm,3761.958406375001,0.00539726,1.5642017,-0.7398515
device,3761.9650253333343,-0.19444925,1.6862562,-1.3522618
device,3761.974972125001,-0.19365233,1.6862495,-1.3524888
device,3761.9850564166677,-0.19290036,1.6862282,-1.3527017
Gesamt_3Arm,3761.9903564166675,0.0055452585,1.5642205,-0.73974013
device,3761.994990625001,-0.19220096,1.6861937,-1.3528974
device,3762.0049382916677,-0.19154583,1.6861517,-1.3530751
device,3762.015254708334,-0.19092852,1.6861074,-1.3532352
device,3762.0250213333343,-0.19036348,1.6860615,-1.3533734
Gesamt_3Arm,3762.0256601666674,0.006297052,1.5642076,-0.73850083
device,3762.0349482916677,-0.18983565,1.6860135,-1.353495
device,3762.045095125001,-0.18934225,1.6859612,-1.3536042
Gesamt_3Arm,3762.0483422083344,0.0063705444,1.5642616,-0.7395601
device,3762.054920250001,-0.1888972,1.6859044,-1.3536865
device,3762.0649209583344,-0.1885166,1.6858507,-1.3536953
device,3762.0750561666673,-0.18816811,1.6857958,-1.3536942
Gesamt_3Arm,3762.0783971250007,0.006494522,1.5642817,-0.73939157
device,3762.0849911666674,-0.18785602,1.6857483,-1.3536849
device,3762.094934208334,-0.18757616,1.6857114,-1.3536671
device,3762.105287500001,-0.18732129,1.685692,-1.353634
Gesamt_3Arm,3762.1086091666675,0.0072363615,1.5643123,-0.7381196
device,3762.115012750001,-0.18711346,1.6856883,-1.3535852
device,3762.124970250001,-0.18693513,1.6856933,-1.3535175
device,3762.135111125001,-0.18678255,1.6856959,-1.3534285
Gesamt_3Arm,3762.1379336250006,0.0073557496,1.5643321,-0.737957
device,3762.145214083334,-0.18663937,1.6856785,-1.3533142
device,3762.1548710000006,-0.18653613,1.6856327,-1.3531883
device,3762.164940833334,-0.18646568,1.685558,-1.353049
Gesamt_3Arm,3762.1683892083342,0.0074724555,1.5643518,-0.737798
device,3762.1749464166674,-0.18642634,1.6854712,-1.3528936
device,3762.184930625001,-0.18641478,1.6853929,-1.3527162
device,3762.195661458334,-0.18642443,1.685336,-1.3524942
device,3762.2048633333343,-0.18644673,1.6853139,-1.352278
Gesamt_3Arm,3762.2051982500006,0.0074883103,1.5643735,-0.7377696
device,3762.2149381666677,-0.18648368,1.6853184,-1.3520188
device,3762.2249396666675,-0.1865266,1.6853489,-1.3517375
Gesamt_3Arm,3762.2279073333343,0.007478535,1.5643082,-0.7384274
device,3762.2349294166675,-0.18656416,1.685404,-1.3514274
device,3762.244864083334,-0.1866085,1.6854784,-1.3511059
device,3762.2548537916673,-0.18665892,1.6855602,-1.3507788
Gesamt_3Arm,3762.2580125416675,0.007493615,1.5643286,-0.73839974
device,3762.2648761250007,-0.1867164,1.6856309,-1.3504552
device,3762.274868708334,-0.18678027,1.6856782,-1.3501415
device,3762.284959958334,-0.18685097,1.6857005,-1.3498392
Gesamt_3Arm,3762.288127333334,0.0075084567,1.5643483,-0.7383723
device,3762.2948951666676,-0.18692619,1.6857045,-1.349551
device,3762.305137083334,-0.18700619,1.6857003,-1.3492719
device,3762.315261750001,-0.18708831,1.6856958,-1.3490076
Gesamt_3Arm,3762.3182461250008,0.007522881,1.5643675,-0.7383456
device,3762.325199958334,-0.18717013,1.6856965,-1.3487405
device,3762.3351101666676,-0.18722624,1.6856873,-1.3484414
device,3762.3448980000007,-0.18728226,1.6856742,-1.3481588
Gesamt_3Arm,3762.3485604583343,0.0077266693,1.5645999,-0.73785186
device,3762.354859333334,-0.18734175,1.6856514,-1.347894
device,3762.3648570833343,-0.18740386,1.6856132,-1.3476498
device,3762.375014458334,-0.18746763,1.6855581,-1.3474219
device,3762.384947000001,-0.18752857,1.6854867,-1.3472162
Gesamt_3Arm,3762.3860459583343,0.007763326,1.5646024,-0.73774314
device,3762.394929000001,-0.18758482,1.6853951,-1.3470285
device,3762.4048822916675,-0.18763064,1.6852818,-1.3468543
Gesamt_3Arm,3762.4081389166677,0.0077990294,1.5646044,-0.73763704
device,3762.414942958334,-0.18765388,1.6851377,-1.3466872
device,3762.4248704166675,-0.18765767,1.6849725,-1.3465394
device,3762.4349452916676,-0.18763894,1.684782,-1.34641
Gesamt_3Arm,3762.438021500001,0.007833779,1.5646065,-0.73753405
device,3762.444947250001,-0.18759377,1.6845709,-1.3463005
device,3762.4548317916674,-0.18752307,1.6843423,-1.3462117
device,3762.4649389166675,-0.18742257,1.6840985,-1.3461411
Gesamt_3Arm,3762.4683651250007,0.008343756,1.5647563,-0.7372732
device,3762.4749285416674,-0.18729304,1.6838447,-1.3460876
device,3762.484922833334,-0.1871336,1.683584,-1.3460513
device,3762.4949790416676,-0.18694049,1.6833154,-1.3460321
Gesamt_3Arm,3762.4981885416673,0.008377254,1.5647583,-0.7371745
device,3762.504863625001,-0.18670796,1.6830498,-1.3460296
device,3762.5148575416674,-0.18644875,1.6827862,-1.3460455
device,3762.5249115000006,-0.18616194,1.6825311,-1.3460784
Gesamt_3Arm,3762.528251458334,0.008408964,1.5647603,-0.7370801
device,3762.5349038333343,-0.1858508,1.6822917,-1.3461268
device,3762.5448640416676,-0.18551582,1.6820769,-1.3461888
device,3762.5549578333344,-0.18514985,1.6818795,-1.3462646
Gesamt_3Arm,3762.5641411666675,0.00849247,1.5647578,-0.7369492
device,3762.564865958334,-0.18476492,1.6817099,-1.3463483
device,3762.574880833334,-0.18434651,1.68156,-1.3464445
device,3762.584915500001,-0.18389791,1.6814315,-1.34655
Gesamt_3Arm,3762.5879451666674,0.008833468,1.5648514,-0.73570347
device,3762.5948920416677,-0.18341799,1.6813258,-1.3466574
device,3762.6048127500007,-0.18289374,1.6812459,-1.3467351
device,3762.614897500001,-0.18232614,1.681171,-1.3468244
Gesamt_3Arm,3762.618137708334,0.008913338,1.5648494,-0.73557806
device,3762.624905750001,-0.18172318,1.6810989,-1.3469255
device,3762.6348551666674,-0.1810841,1.6810261,-1.3470411
device,3762.6450110416677,-0.18040113,1.6809484,-1.3471767
Gesamt_3Arm,3762.6507254166677,0.0089918375,1.5648472,-0.7354548
device,3762.654900375001,-0.17968892,1.6808633,-1.3473281
device,3762.6648782083344,-0.17894286,1.6807716,-1.3474953
device,3762.674928125001,-0.17815083,1.6806703,-1.3476782
Gesamt_3Arm,3762.6778600000007,0.009068012,1.5648453,-0.7353356
device,3762.6848636250006,-0.17731959,1.6805642,-1.3478653
device,3762.694843875001,-0.17645282,1.6804549,-1.3480656
device,3762.704818875001,-0.17554627,1.6803432,-1.3482805
Gesamt_3Arm,3762.708162083334,0.00885874,1.5648336,-0.73551536
device,3762.7148470416673,-0.17460388,1.68023,-1.3485043
device,3762.724821750001,-0.1736267,1.6801147,-1.3487307
device,3762.735358208334,-0.17259973,1.679992,-1.3489788
Gesamt_3Arm,3762.744398375001,0.008926332,1.5648341,-0.73541665
device,3762.7448060000006,-0.17158645,1.6798645,-1.3492303
device,3762.7548647916674,-0.17052037,1.6797239,-1.3495052
device,3762.764973125001,-0.16944462,1.6795748,-1.3497884
Gesamt_3Arm,3762.767909833334,0.008991778,1.5648347,-0.7353232
device,3762.7748616666677,-0.16835861,1.679413,-1.350077
device,3762.7848222500006,-0.16724569,1.6792433,-1.3503842
device,3762.7948807916673,-0.16610235,1.6790612,-1.3507109
Gesamt_3Arm,3762.798768958334,0.009305596,1.5648556,-0.7336135
device,3762.8048142916673,-0.16493946,1.6788673,-1.3510566
device,3762.8148055000006,-0.16375512,1.6786662,-1.3514168
device,3762.825119333334,-0.16253315,1.6784612,-1.351796
Gesamt_3Arm,3762.829876875001,0.009079635,1.564927,-0.7349379
device,3762.8348793333344,-0.16128395,1.6782607,-1.3521868
device,3762.844825708334,-0.16000573,1.6780682,-1.3525892
device,3762.8548271666673,-0.15868515,1.6778822,-1.353004
Gesamt_3Arm,3762.857848750001,0.009140134,1.5649278,-0.73485136
device,3762.864847458334,-0.15732764,1.6776985,-1.3534244
device,3762.874809083334,-0.15593551,1.6775084,-1.3538469
device,3762.8848452916677,-0.15448816,1.677315,-1.3542856
Gesamt_3Arm,3762.888141125001,0.009019554,1.5648696,-0.7354791
device,3762.8948397500008,-0.1529916,1.6771185,-1.3547404
device,3762.904825000001,-0.15143162,1.6769183,-1.3552117
device,3762.9148880416674,-0.14981335,1.6767126,-1.3556983
device,3762.924807125001,-0.14814109,1.6765015,-1.3561966
Gesamt_3Arm,3762.9333274166675,0.010115981,1.564748,-0.7322998
device,3762.9348087916674,-0.14639874,1.6762828,-1.3567091
device,3762.9448317083343,-0.14457642,1.6760592,-1.3572382
Gesamt_3Arm,3762.9483164166677,0.010142326,1.564719,-0.7324686
device,3762.954794875001,-0.14269525,1.6758494,-1.3577724
device,3762.964819750001,-0.14074403,1.6756364,-1.3583131
device,3762.974855083334,-0.13871163,1.6754173,-1.3588631
Gesamt_3Arm,3762.9786041666675,0.008996725,1.5646085,-0.73731613
device,3762.984841125001,-0.13660415,1.6751946,-1.3594185
device,3762.994795958334,-0.13442868,1.6749636,-1.3599799
device,3763.0049425416673,-0.13214368,1.674718,-1.3605587
Gesamt_3Arm,3763.008201458334,0.0089463,1.5645156,-0.73813367
device,3763.0148491666673,-0.12983423,1.6744702,-1.361136
device,3763.0248191250007,-0.12743884,1.6742109,-1.3617249
device,3763.0348600416673,-0.124955416,1.6739529,-1.362324
Gesamt_3Arm,3763.0378139166673,0.00949049,1.5646008,-0.73800564
device,3763.0448414583343,-0.12241,1.6737013,-1.3629198
device,3763.054721500001,-0.119807124,1.6734537,-1.3635175
device,3763.064847125001,-0.117108226,1.6732085,-1.3641298
Gesamt_3Arm,3763.069514750001,0.009395301,1.5645479,-0.73842216
device,3763.074821625001,-0.114329815,1.6729764,-1.3647485
device,3763.0848512083344,-0.11147845,1.672782,-1.3653684
device,3763.0948610833343,-0.10854222,1.6726506,-1.3659834
device,3763.1047625833344,-0.10553998,1.6726015,-1.3665807
Gesamt_3Arm,3763.1051325416674,0.009543717,1.5644574,-0.7393129
device,3763.1149242916676,-0.102413535,1.6726384,-1.3671646
device,3763.1248477916674,-0.09926498,1.6727483,-1.3677142
Gesamt_3Arm,3763.1280589166677,0.009641349,1.5644153,-0.73984957
device,3763.134780625001,-0.0960384,1.672919,-1.3682487
device,3763.144736750001,-0.0927881,1.6731583,-1.3687761
device,3763.154877500001,-0.08943212,1.6734128,-1.3692913
Gesamt_3Arm,3763.1580839166677,0.009970009,1.5643016,-0.7408104
device,3763.164775583334,-0.08605653,1.6736697,-1.3697803
device,3763.174750208334,-0.08261281,1.6739314,-1.370255
device,3763.184932458334,-0.079046845,1.6742005,-1.3707209
Gesamt_3Arm,3763.190050208334,0.010178149,1.5642288,-0.7415576
device,3763.1948310000007,-0.07554197,1.6744581,-1.3711579
device,3763.2046864166673,-0.07197415,1.6747074,-1.3715864
device,3763.214984208334,-0.06832869,1.6749429,-1.3720001
Gesamt_3Arm,3763.2177901250006,0.010630131,1.5641519,-0.7424853
device,3763.2247902916674,-0.06474292,1.6751462,-1.3723779
device,3763.234828625001,-0.061106794,1.6753345,-1.3727542
device,3763.2448393333343,-0.057446077,1.675508,-1.3731271
Gesamt_3Arm,3763.2491031250006,0.010864437,1.5641421,-0.74313664
device,3763.2547650416673,-0.05378168,1.6756744,-1.3734952
device,3763.2647775833343,-0.05010724,1.6758367,-1.373858
device,3763.275063250001,-0.046315134,1.6760043,-1.3742275
device,3763.2850449583343,-0.04265493,1.6761658,-1.3745804
Gesamt_3Arm,3763.2866231666676,0.011290669,1.564149,-0.74363756
device,3763.2947703333343,-0.039046526,1.6763195,-1.3749254
device,3763.304808333334,-0.035345852,1.6764687,-1.3752732
Gesamt_3Arm,3763.3082269166675,0.011507213,1.5640534,-0.7422161
device,3763.3147824166676,-0.031720154,1.676606,-1.3755897
device,3763.324733625001,-0.0281009,1.6767344,-1.3759075
device,3763.3348213333343,-0.024486601,1.6768584,-1.376225
Gesamt_3Arm,3763.337768250001,0.01167649,1.5640439,-0.7426696
device,3763.344781333334,-0.020944357,1.6769818,-1.3765347
device,3763.3547224166673,-0.017454088,1.677114,-1.3768339
device,3763.364924708334,-0.013952002,1.6772664,-1.3771273
Gesamt_3Arm,3763.3704223333343,0.011907995,1.5640731,-0.7444935
device,3763.374777833334,-0.0105815455,1.6774435,-1.3773991
device,3763.3847370000008,-0.0072265863,1.6776572,-1.3776538
device,3763.3948052916676,-0.003913164,1.6779004,-1.3778896
Gesamt_3Arm,3763.3977974166673,0.012363911,1.564098,-0.74497914
device,3763.4047337083343,-0.00066804886,1.6781658,-1.3781083
device,3763.4147361666674,0.0024757385,1.678474,-1.378305
device,3763.424804208334,0.005584419,1.6787815,-1.378484
Gesamt_3Arm,3763.428493375001,0.01263833,1.56407,-0.7453561
device,3763.4347458750008,0.008620024,1.679085,-1.378649
device,3763.4447545000007,0.011614546,1.6793855,-1.3788055
device,3763.454759875001,0.01456815,1.6796842,-1.3789499
Gesamt_3Arm,3763.4643317916675,0.013247013,1.5640665,-0.74584055
device,3763.464798375001,0.01745212,1.6799815,-1.3790829
device,3763.474763458334,0.020278454,1.6802739,-1.3792033
device,3763.4848387083343,0.023081608,1.6805638,-1.3793062
Gesamt_3Arm,3763.4881760416674,0.013568282,1.564077,-0.7462661
device,3763.4947702916675,0.025759943,1.6808286,-1.3793672
device,3763.5046733333343,0.028403468,1.6810917,-1.3794209
device,3763.5148445416676,0.03102547,1.6813465,-1.3794672
Gesamt_3Arm,3763.5180036666675,0.014258146,1.5641714,-0.7467401
device,3763.5247501666677,0.0335626,1.6815802,-1.3795044
device,3763.5347462916675,0.03605193,1.6817936,-1.3795352
device,3763.5448171666676,0.038508117,1.681986,-1.379559
Gesamt_3Arm,3763.5502107083344,0.014571011,1.5641959,-0.7472098
device,3763.5550354166676,0.04092294,1.6821582,-1.3795741
device,3763.564740250001,0.043195367,1.6823083,-1.3795822
device,3763.5747654583342,0.045470305,1.6824489,-1.3795816
Gesamt_3Arm,3763.577958625001,0.01518172,1.5642588,-0.74716854
device,3763.5847654166673,0.047682114,1.6825851,-1.3795816
device,3763.594731458334,0.049836993,1.6827042,-1.3795707
device,3763.604759625001,0.051938303,1.6828041,-1.3795534
Gesamt_3Arm,3763.609006000001,0.015678346,1.5643458,-0.7482288
device,3763.6147527916673,0.053981483,1.6828908,-1.379529
device,3763.624713625001,0.055958986,1.6829727,-1.3794982
device,3763.635084458334,0.057931423,1.6830655,-1.3794537
Gesamt_3Arm,3763.644227500001,0.016313374,1.564341,-0.7476809
device,3763.6447106250007,0.0597632,1.6831682,-1.3793994
device,3763.654920083334,0.0616197,1.6832925,-1.379327
device,3763.6647637916676,0.06336857,1.6834252,-1.3792454
Gesamt_3Arm,3763.6678787083342,0.016780198,1.5643905,-0.74875236
device,3763.674745208334,0.06507498,1.6835729,-1.3791571
device,3763.684704375001,0.06664789,1.6837281,-1.3790846
device,3763.6946815416677,0.06818354,1.6838765,-1.3790028
Gesamt_3Arm,3763.697758458334,0.017128944,1.5643902,-0.74894786
device,3763.704675958334,0.06968403,1.68401,-1.3789144
device,3763.714702583334,0.071138024,1.6841205,-1.3788218
device,3763.724784000001,0.07256389,1.6842071,-1.3787267
Gesamt_3Arm,3763.728403458334,0.017644227,1.5643957,-0.7484329
device,3763.734896000001,0.07394695,1.6842666,-1.3786325
device,3763.7447304166676,0.07526499,1.6842966,-1.3785405
device,3763.7546681666677,0.076562345,1.6843022,-1.3784461
Gesamt_3Arm,3763.757867875001,0.01817584,1.5644817,-0.7491956
device,3763.7647399583343,0.077818334,1.6842774,-1.3783388
device,3763.7746647500007,0.079027176,1.6842406,-1.3782287
device,3763.7847382916675,0.08019708,1.6841986,-1.3781117
Gesamt_3Arm,3763.7898140416673,0.018252075,1.5644792,-0.7492914
device,3763.794681208334,0.08131689,1.6841543,-1.3779867
device,3763.804612083334,0.08239187,1.6841056,-1.3778528
device,3763.814987750001,0.0834378,1.6840554,-1.3777072
device,3763.8246997916676,0.0844127,1.6840013,-1.377556
Gesamt_3Arm,3763.8249549583343,0.01858157,1.5645524,-0.7493143
device,3763.8347019583343,0.08535028,1.6839435,-1.3773943
device,3763.844724875001,0.08624679,1.6838825,-1.3772244
Gesamt_3Arm,3763.848194083334,0.018651187,1.5645617,-0.74943614
device,3763.8546475000007,0.08711052,1.6838391,-1.3770671
device,3763.8646493750007,0.08791977,1.6837925,-1.3768969
device,3763.874782000001,0.08869226,1.6837459,-1.3767098
Gesamt_3Arm,3763.8781235416677,0.018992066,1.5645515,-0.7494068
device,3763.8846587500007,0.089401945,1.6837008,-1.3765153
device,3763.894679583334,0.09007359,1.6836528,-1.3763067
device,3763.9046452500006,0.090703785,1.6835988,-1.3760886
Gesamt_3Arm,3763.907622583334,0.019058764,1.5645604,-0.7495246
device,3763.9145546250006,0.09128714,1.6835382,-1.3758651
device,3763.9245757916674,0.09183268,1.6834682,-1.3756341
device,3763.9347955000007,0.0923394,1.6833837,-1.3753965
Gesamt_3Arm,3763.9376907083342,0.019290388,1.5645185,-0.74944186
device,3763.9446525416674,0.09280598,1.6832745,-1.3751566
device,3763.954538833334,0.09326869,1.6831243,-1.3749037
device,3763.9646131666673,0.09371269,1.6829594,-1.3746517
Gesamt_3Arm,3763.9678948750006,0.019353986,1.5645269,-0.74955297
device,3763.974603625001,0.094110556,1.6827999,-1.3744022
device,3763.984599250001,0.094465494,1.6826538,-1.3741481
device,3763.994677333334,0.09478055,1.6825174,-1.3738908
Gesamt_3Arm,3764.0028213750006,0.019360423,1.5645294,-0.74957895
device,3764.004574958334,0.09505261,1.6823878,-1.3736361
device,3764.014595208334,0.09528434,1.6822776,-1.3733814
device,3764.024622708334,0.09547997,1.6821992,-1.3731216
Gesamt_3Arm,3764.0276782083342,0.019163728,1.5645156,-0.7489307
device,3764.034624500001,0.09563452,1.682169,-1.372854
device,3764.044585750001,0.09576011,1.6821675,-1.3725793
device,3764.0546159166674,0.09586061,1.6821791,-1.3722974
Gesamt_3Arm,3764.0577697500007,0.019169927,1.5645182,-0.7489562
device,3764.064616333334,0.09593816,1.6821896,-1.3720123
device,3764.074584375001,0.09599323,1.6821927,-1.371725
device,3764.0848120833343,0.09602851,1.6821847,-1.3714297
Gesamt_3Arm,3764.0894186250007,0.01917559,1.5645205,-0.7489784
device,3764.0946027916675,0.09603995,1.6821693,-1.3711421
device,3764.1045467500007,0.09602928,1.68214,-1.370846
device,3764.114625083334,0.09599645,1.682102,-1.3705536
Gesamt_3Arm,3764.1176387916676,0.019069254,1.5646794,-0.74921083
device,3764.1246136666673,0.09594266,1.6820638,-1.370273
device,3764.1346489583343,0.09586157,1.6820208,-1.3699867
device,3764.144616583334,0.095757425,1.6819813,-1.3697004
Gesamt_3Arm,3764.147827750001,0.019074619,1.5646818,-0.74923277
device,3764.1545659166677,0.09562993,1.6819451,-1.3694134
device,3764.164571083334,0.09547891,1.6819113,-1.3691293
device,3764.174790708334,0.09530352,1.6818794,-1.3688492
device,3764.184747375001,0.09510684,1.6818464,-1.3685789
Gesamt_3Arm,3764.185608875001,0.018627882,1.5649276,-0.7488971
device,3764.1945737083342,0.09489411,1.6818122,-1.3683269
device,3764.2045934166676,0.094658375,1.6817797,-1.3680823
Gesamt_3Arm,3764.207709458334,0.018638372,1.5649407,-0.7488682
device,3764.2146121666674,0.09439547,1.6817448,-1.3678645
device,3764.224570250001,0.09409259,1.6816992,-1.3676943
device,3764.234777208334,0.09377558,1.6816671,-1.367525
Gesamt_3Arm,3764.2380551666674,0.018648863,1.564953,-0.74884033
device,3764.244592250001,0.093457706,1.6816506,-1.3673614
device,3764.254532500001,0.09312874,1.6816475,-1.3671968
device,3764.2646377916676,0.09279342,1.6816524,-1.3670334
Gesamt_3Arm,3764.2681577500007,0.01825428,1.5651108,-0.7484515
device,3764.274596375001,0.09245623,1.6816632,-1.3668712
device,3764.284659625001,0.09211923,1.6816766,-1.3667113
device,3764.294585833334,0.09178562,1.6816899,-1.3665584
Gesamt_3Arm,3764.297565208334,0.018264234,1.5651226,-0.7484274
device,3764.3045507916677,0.09144546,1.681702,-1.3664244
device,3764.3145731250006,0.0911172,1.6817038,-1.3662901
device,3764.3245922083343,0.090802014,1.6816881,-1.3661556
Gesamt_3Arm,3764.328578583334,0.018273473,1.5651337,-0.74839973
device,3764.3346150000007,0.09050698,1.6816504,-1.3660218
device,3764.3445669166676,0.09023428,1.6815867,-1.3658879
device,3764.3547569166676,0.08998191,1.6814945,-1.3657534
device,3764.364567125001,0.08975953,1.6813796,-1.3656197
Gesamt_3Arm,3764.364884875001,0.018041074,1.5650923,-0.7482245
device,3764.374578083334,0.089565575,1.6812439,-1.365484
device,3764.3846723750007,0.08939535,1.681093,-1.3653427
Gesamt_3Arm,3764.387720083334,0.018048942,1.5650915,-0.74825644
device,3764.3945787500006,0.08925206,1.6809387,-1.3651985
device,3764.404492583334,0.089148045,1.6807771,-1.3650432
device,3764.414635583334,0.08908504,1.6806176,-1.3648727
Gesamt_3Arm,3764.4177560416674,0.01805687,1.5650909,-0.74829054
device,3764.424572833334,0.08906752,1.6804681,-1.3646872
device,3764.434577708334,0.089095965,1.6803243,-1.3644835
device,3764.4445971250007,0.08917189,1.68018,-1.3642633
Gesamt_3Arm,3764.4480558333344,0.017769039,1.5649103,-0.7479918
device,3764.454523000001,0.089295216,1.6800311,-1.3640329
device,3764.464529208334,0.08946842,1.6798761,-1.3637948
device,3764.474723750001,0.08969468,1.6797183,-1.3635495
Gesamt_3Arm,3764.477561208334,0.01777649,1.5649096,-0.7480235
device,3764.484574875001,0.0899616,1.6795583,-1.3633069
device,3764.4945412083343,0.090243995,1.6793836,-1.3630862
device,3764.504556250001,0.090586185,1.679227,-1.3628557
Gesamt_3Arm,3764.5077436666675,0.017783701,1.5649089,-0.74805236
device,3764.514555583334,0.09098798,1.6790906,-1.3626101
device,3764.5245425000007,0.09144623,1.6789659,-1.3623549
device,3764.5351603333343,0.09196836,1.6788515,-1.3620858
Gesamt_3Arm,3764.543898125001,0.017791271,1.5649182,-0.7479799
device,3764.544534458334,0.09253216,1.6787488,-1.3618126
device,3764.5544851250006,0.09315473,1.6786499,-1.3615265
device,3764.564560250001,0.09383256,1.6785572,-1.3612255
Gesamt_3Arm,3764.5675706666675,0.017577589,1.5649356,-0.7475915
device,3764.574556583334,0.094554365,1.6784714,-1.3609107
device,3764.5845470416675,0.09532982,1.6783803,-1.3605859
device,3764.5944927916676,0.096152246,1.6782782,-1.3602536
Gesamt_3Arm,3764.597594375001,0.017584622,1.5649444,-0.74752307
device,3764.6045219583343,0.09703165,1.6781625,-1.3599119
device,3764.6145012916677,0.09794384,1.67803,-1.3595674
device,3764.6246122916673,0.098914504,1.6778829,-1.3592112
Gesamt_3Arm,3764.6277262500007,0.017591178,1.564953,-0.7474539
device,3764.634740000001,0.0999434,1.6777196,-1.3588445
device,3764.6445509166674,0.100997984,1.6775471,-1.3584735
device,3764.6545204166673,0.102109194,1.6773586,-1.3580854
Gesamt_3Arm,3764.6577432916674,0.017597973,1.5649612,-0.74738765
device,3764.664578250001,0.103244975,1.6771507,-1.3576881
device,3764.6745181666674,0.10443072,1.6769254,-1.3572804
device,3764.6847820416674,0.105675936,1.6766837,-1.3568563
Gesamt_3Arm,3764.6882030000006,0.017376423,1.5648992,-0.74636745
device,3764.694539750001,0.10695953,1.6764306,-1.3564235
device,3764.704451708334,0.108298525,1.6761671,-1.3559746
device,3764.714609958334,0.109701104,1.6758949,-1.3555094
device,3764.7245611666676,0.111140296,1.6756144,-1.3550378
Gesamt_3Arm,3764.725408375001,0.017408967,1.5648894,-0.7463424
device,3764.734504583334,0.112641275,1.6753194,-1.3545563
device,3764.7448064166674,0.114204,1.6750113,-1.3540682
Gesamt_3Arm,3764.7482470416676,0.017441094,1.5648801,-0.74631834
device,3764.7544882083344,0.11581141,1.6746901,-1.3535814
device,3764.7644805833343,0.11744088,1.6743648,-1.3531034
device,3764.7748095000006,0.11915457,1.6740234,-1.3526206
Gesamt_3Arm,3764.7777389166677,0.01781714,1.5648235,-0.74722886
device,3764.784521000001,0.12090337,1.6736844,-1.3521461
device,3764.794473833334,0.1227324,1.6733398,-1.3516703
device,3764.8049697083343,0.12473957,1.6729795,-1.3511685
Gesamt_3Arm,3764.810546458334,0.017847955,1.5648144,-0.74720645
device,3764.8148600416675,0.12665409,1.6726524,-1.3507094
device,3764.8245285416674,0.1286658,1.6723232,-1.3502486
device,3764.834552750001,0.13078447,1.671991,-1.3497838
Gesamt_3Arm,3764.837604208334,0.018006861,1.5648218,-0.7479274
device,3764.8445524166673,0.13296443,1.6716629,-1.3493221
device,3764.8544890416674,0.13521862,1.6713363,-1.3488731
device,3764.8646731666677,0.13755251,1.6710154,-1.3484367
Gesamt_3Arm,3764.868462958334,0.01852119,1.564945,-0.74830246
device,3764.874529083334,0.13993305,1.6707044,-1.3480217
device,3764.884513125001,0.14239728,1.6703966,-1.3476198
device,3764.894645625001,0.14495695,1.6700889,-1.347233
device,3764.9045457083344,0.147556,1.6697836,-1.3468695
Gesamt_3Arm,3764.9054047916675,0.018873692,1.5649449,-0.7494838
device,3764.914510000001,0.15023416,1.6694806,-1.3465252
device,3764.924570083334,0.15299426,1.6691787,-1.3461946
Gesamt_3Arm,3764.927997583334,0.018171132,1.5648627,-0.74461675
device,3764.9344942916673,0.1557929,1.6688813,-1.3458847
device,3764.944505375001,0.15866935,1.6686063,-1.3455844
device,3764.9544767916673,0.16162731,1.6683844,-1.3452832
Gesamt_3Arm,3764.9576334583344,0.019928575,1.564916,-0.7496798
device,3764.9644725000007,0.16464967,1.6682478,-1.3449688
device,3764.9744593333344,0.16773754,1.668224,-1.3446262
device,3764.984845958334,0.170918,1.6683177,-1.3442415
Gesamt_3Arm,3764.988295625001,0.020210564,1.5648365,-0.74982786
device,3764.9945114166676,0.17414486,1.6685048,-1.3438134
device,3765.004396375001,0.17744005,1.6687456,-1.3433406
device,3765.0145617916673,0.1808306,1.6690053,-1.3428235
Gesamt_3Arm,3765.0173304166674,0.020994425,1.5645827,-0.7502601
device,3765.024492583334,0.1842475,1.6692579,-1.3422697
device,3765.0344626666674,0.18764223,1.6695093,-1.3416566
device,3765.044448333334,0.19109339,1.6697564,-1.3410082
Gesamt_3Arm,3765.0477509583343,0.021037579,1.56426,-0.75023675
device,3765.0546126666677,0.19463384,1.670001,-1.340322
device,3765.064423250001,0.19815032,1.6702343,-1.3396195
device,3765.074626458334,0.20179898,1.6704607,-1.3388755
device,3765.0844972916675,0.20538086,1.6706663,-1.3381302
Gesamt_3Arm,3765.084719000001,0.021941364,1.5639857,-0.7508178
device,3765.094429083334,0.20898886,1.6708617,-1.3373665
device,3765.104380333334,0.21264727,1.6710572,-1.3365861
Gesamt_3Arm,3765.107602000001,0.021989286,1.5639734,-0.75096035
device,3765.114473708334,0.21632911,1.6712644,-1.3358167
device,3765.124424708334,0.22000772,1.671479,-1.3350263
device,3765.134683500001,0.2237078,1.6717068,-1.3342092
Gesamt_3Arm,3765.137613625001,0.022044837,1.5637606,-0.75037336
device,3765.144476833334,0.22739428,1.6719449,-1.3333755
device,3765.1543700000007,0.23107053,1.6721903,-1.332528
device,3765.1646120416676,0.23480083,1.6724488,-1.3316559
Gesamt_3Arm,3765.1676157916677,0.022168577,1.5636452,-0.7498245
device,3765.174449833334,0.23842269,1.6727138,-1.3307984
device,3765.1844540416673,0.24206364,1.6730037,-1.3299243
device,3765.1945665000007,0.24569714,1.6733273,-1.3290341
Gesamt_3Arm,3765.1974075000007,0.022095263,1.5635331,-0.74853706
device,3765.2044430833344,0.24923982,1.6736844,-1.328138
device,3765.214437875001,0.25276273,1.6740628,-1.3272334
device,3765.2244845416676,0.25624174,1.6744539,-1.3263264
Gesamt_3Arm,3765.228071250001,0.022144735,1.5635214,-0.7486639
device,3765.2344792916674,0.2596658,1.6748564,-1.3254197
device,3765.244439458334,0.2630043,1.6752697,-1.3245186
device,3765.2548055416673,0.26633668,1.6756992,-1.3236034
Gesamt_3Arm,3765.2639152916677,0.023356974,1.5634799,-0.75044775
device,3765.2644162916677,0.26951706,1.6761196,-1.3227134
device,3765.274409708334,0.272673,1.6765374,-1.3218175
device,3765.284605333334,0.27578485,1.6769418,-1.320924
Gesamt_3Arm,3765.2877984583342,0.022982597,1.5632209,-0.74845934
device,3765.2944831666673,0.27876788,1.6773113,-1.3200573
device,3765.3043760833343,0.2816317,1.6776574,-1.3192049
device,3765.314443625001,0.2844453,1.6779628,-1.3183689
Gesamt_3Arm,3765.3176554166675,0.024054468,1.5631379,-0.74883914
device,3765.3244665416673,0.2872051,1.6782267,-1.31755
device,3765.334445250001,0.28989917,1.6784594,-1.316752
device,3765.344568958334,0.29257178,1.6786717,-1.3159592
Gesamt_3Arm,3765.349680083334,0.024335682,1.5630989,-0.74829364
device,3765.354456250001,0.29516113,1.6788638,-1.315186
device,3765.3644734166674,0.29770547,1.6790359,-1.3144249
device,3765.374533708334,0.3002196,1.6791922,-1.3136768
Gesamt_3Arm,3765.377335875001,0.025423706,1.5631921,-0.74835014
device,3765.3844945833343,0.30265886,1.6793523,-1.3129596
device,3765.3944044166674,0.30505645,1.6794964,-1.3122544
device,3765.4044467916674,0.30742103,1.6796308,-1.3115605
Gesamt_3Arm,3765.4112347916675,0.02704531,1.5633615,-0.7493677
device,3765.414465875001,0.30973375,1.6797564,-1.3108802
device,3765.424419833334,0.3119853,1.6798738,-1.3102185
device,3765.434484000001,0.31420818,1.6799873,-1.3095642
device,3765.444557083334,0.31637537,1.6801016,-1.3089234
Gesamt_3Arm,3765.444879708334,0.02714485,1.5633382,-0.74893856
device,3765.4543812083343,0.3184564,1.6802168,-1.3083018
device,3765.4644905416676,0.3205157,1.6803296,-1.3076792
Gesamt_3Arm,3765.4674120416676,0.026985943,1.5632949,-0.7479925
device,3765.474441958334,0.32250082,1.6804318,-1.3070695
device,3765.484427375001,0.3244261,1.680541,-1.3064673
device,3765.494425333334,0.326294,1.6806582,-1.30587
Gesamt_3Arm,3765.4985578750006,0.02779138,1.5632095,-0.7485585
device,3765.5043939583343,0.32809764,1.6807873,-1.3052781
device,3765.514427708334,0.32982785,1.6809295,-1.3046935
device,3765.5248769166674,0.33150432,1.6810907,-1.3041092
Gesamt_3Arm,3765.5296959583343,0.027816236,1.5631819,-0.7486658
device,3765.5344452500008,0.33307332,1.6812594,-1.3035456
device,3765.544395833334,0.33458883,1.681437,-1.3029871
device,3765.554394500001,0.3360442,1.6816158,-1.302438
Gesamt_3Arm,3765.5573063750007,0.028211117,1.563084,-0.74842834
device,3765.5644179166675,0.33742082,1.6817997,-1.3019044
device,3765.5743854583343,0.33870465,1.6819897,-1.3013883
device,3765.5844923333343,0.33994853,1.6821667,-1.3008854
Gesamt_3Arm,3765.587733750001,0.028469563,1.5630594,-0.747988
device,3765.594399750001,0.34112328,1.6823223,-1.3004107
device,3765.6043612916674,0.3422616,1.6824579,-1.299952
device,3765.6144276250006,0.343354,1.6825728,-1.299514
device,3765.624423083334,0.34439546,1.6826633,-1.2991021
Gesamt_3Arm,3765.625023833334,0.029247165,1.5631623,-0.748615
device,3765.6344049166673,0.3453919,1.6827346,-1.2987081
device,3765.6444446666674,0.34635362,1.6827893,-1.2983376
Gesamt_3Arm,3765.647576750001,0.029275715,1.563141,-0.74878883
device,3765.654378083334,0.3473048,1.6828376,-1.2980198
device,3765.664386625001,0.34820098,1.6828779,-1.2977173
device,3765.674508708334,0.3490547,1.6829165,-1.2974303
Gesamt_3Arm,3765.6775941666674,0.029333234,1.5631843,-0.74839044
device,3765.684429083334,0.34983826,1.682955,-1.2971637
device,3765.6944011250007,0.35057336,1.6829947,-1.2969098
device,3765.7044850000007,0.35126242,1.6830347,-1.2966667
Gesamt_3Arm,3765.709606125001,0.029333472,1.5631624,-0.74850965
device,3765.714436375001,0.35189557,1.6830665,-1.2964382
device,3765.724392750001,0.35247678,1.6830852,-1.2962198
device,3765.7344885416674,0.35302192,1.6830887,-1.2960095
Gesamt_3Arm,3765.737617375001,0.029521346,1.5631845,-0.7480941
device,3765.744381125001,0.3535158,1.6830819,-1.2957919
device,3765.754311625001,0.35396844,1.6830752,-1.2955871
device,3765.7644352083344,0.35437834,1.6830802,-1.2953923
Gesamt_3Arm,3765.767781000001,0.029520512,1.5631627,-0.7482126
device,3765.774401000001,0.35474128,1.6830997,-1.2952062
device,3765.7843865416676,0.3550614,1.6831323,-1.2950268
device,3765.7944947916676,0.35534507,1.6831748,-1.2948513
device,3765.8043150000008,0.3555869,1.6832156,-1.2946846
Gesamt_3Arm,3765.8046285833343,0.030114591,1.563213,-0.74823976
device,3765.8143317916674,0.35579547,1.6832532,-1.2945234
device,3765.824414458334,0.35596907,1.6832876,-1.2943673
Gesamt_3Arm,3765.8274313750007,0.030193627,1.563198,-0.74833035
device,3765.834382250001,0.35611823,1.6833124,-1.2942134
device,3765.8443086666675,0.35626918,1.683333,-1.2940481
device,3765.854403875001,0.3563925,1.6833646,-1.2938864
Gesamt_3Arm,3765.8574114166677,0.030426085,1.5631531,-0.7479193
device,3765.864363833334,0.35648,1.6834137,-1.2937254
device,3765.8743619583342,0.3565297,1.6834707,-1.2935625
device,3765.884465333334,0.35654777,1.6835189,-1.293402
Gesamt_3Arm,3765.8879553750007,0.03050369,1.5631385,-0.748008
device,3765.8943762500007,0.35653615,1.6835512,-1.2932518
device,3765.9044805416675,0.35649902,1.68357,-1.293108
device,3765.9145342083343,0.35643733,1.6835785,-1.2929664
Gesamt_3Arm,3765.917308125001,0.030582488,1.5631244,-0.7480993
device,3765.9243844583343,0.35635483,1.6835823,-1.2928202
device,3765.934347500001,0.35625857,1.6835753,-1.2926835
device,3765.944378833334,0.3561505,1.6835654,-1.2925553
Gesamt_3Arm,3765.947405958334,0.031172156,1.5630637,-0.7482636
device,3765.9543044583343,0.35603422,1.6835628,-1.2924349
device,3765.9643275000008,0.3559062,1.6835736,-1.292319
device,3765.974582958334,0.3557685,1.6835976,-1.2922083
device,3765.9844487916675,0.35562333,1.6836337,-1.2921053
Gesamt_3Arm,3765.984801125001,0.031248689,1.5630281,-0.7483952
device,3765.9943806666674,0.3554734,1.6836786,-1.2920117
device,3766.004311583334,0.35531867,1.6837385,-1.2919236
Gesamt_3Arm,3766.007553500001,0.031325877,1.5629926,-0.74852705
device,3766.014355250001,0.35516813,1.6838241,-1.2918304
device,3766.024292583334,0.35501027,1.6839256,-1.2917435
device,3766.0344147916676,0.35484302,1.6840402,-1.2916641
Gesamt_3Arm,3766.0374482083344,0.031400204,1.5629572,-0.7486539
device,3766.044352250001,0.354671,1.6841574,-1.2915921
device,3766.0542677916674,0.35449764,1.6842688,-1.2915272
device,3766.0644041666674,0.3543184,1.6843724,-1.2914652
Gesamt_3Arm,3766.0678267500007,0.03118807,1.5632155,-0.74840593
device,3766.074345125001,0.35413966,1.6844682,-1.2914048
device,3766.0843251250008,0.3539585,1.6845566,-1.291342
device,3766.094517458334,0.35377887,1.6846353,-1.2912742
Gesamt_3Arm,3766.097278583334,0.031262934,1.563181,-0.748533
device,3766.104305875001,0.35361314,1.6847005,-1.2911955
device,3766.1143111250008,0.35349697,1.6847521,-1.2910731
device,3766.1243807916676,0.35339057,1.684777,-1.2909386
Gesamt_3Arm,3766.1275448750007,0.031338334,1.5631467,-0.74865985
device,3766.1343325000007,0.3532998,1.684768,-1.2907943
device,3766.144312125001,0.35322392,1.6847229,-1.2906346
device,3766.1545702916674,0.35316348,1.6846361,-1.290455
Gesamt_3Arm,3766.1637543750007,0.031468153,1.5630999,-0.7488427
device,3766.1642681666676,0.35312358,1.684518,-1.2902666
device,3766.1743385833342,0.3530994,1.6843648,-1.2900517
device,3766.1843062500006,0.35309148,1.6841768,-1.2898154
Gesamt_3Arm,3766.1874499166674,0.03137982,1.5629702,-0.7484081
device,3766.1943227083343,0.3531077,1.6839573,-1.2895538
device,3766.2042494166676,0.35314125,1.6837018,-1.2892777
device,3766.2143322083343,0.35319024,1.6834111,-1.2889838
Gesamt_3Arm,3766.2175632500007,0.03150642,1.562924,-0.7485857
device,3766.2242940833344,0.3532505,1.683097,-1.2886767
device,3766.2342958333343,0.35332465,1.6827655,-1.2883556
device,3766.2443805416674,0.35341126,1.6824307,-1.2880158
Gesamt_3Arm,3766.2479152916676,0.031633556,1.562879,-0.7487638
device,3766.2544129166677,0.35350752,1.6821084,-1.2876589
device,3766.2642530000007,0.3536139,1.6818144,-1.287286
device,3766.2747641250007,0.35373905,1.6815461,-1.2868651
Gesamt_3Arm,3766.2772279166675,0.031181097,1.5628008,-0.7486546
device,3766.2842900833343,0.3538661,1.6813352,-1.286447
device,3766.294286083334,0.35400653,1.6811525,-1.2859726
device,3766.3042549583342,0.35416225,1.6810037,-1.2854677
Gesamt_3Arm,3766.307734000001,0.03130454,1.5627569,-0.7488272
device,3766.3143252916675,0.3543374,1.6808852,-1.2849344
device,3766.3242727083343,0.35453296,1.6807915,-1.2843704
device,3766.3344295000006,0.35475487,1.680713,-1.2837727
device,3766.344650125001,0.35500574,1.6806476,-1.2831404
Gesamt_3Arm,3766.345589458334,0.031461477,1.5627193,-0.74894
device,3766.354223625001,0.3552755,1.6805917,-1.2825083
device,3766.364340583334,0.35558516,1.6805425,-1.2818348
Gesamt_3Arm,3766.367334458334,0.03161347,1.5626827,-0.749048
device,3766.3743155000006,0.35593486,1.6805022,-1.2811399
device,3766.3842784166677,0.3563497,1.6804876,-1.2804191
device,3766.394330583334,0.3568015,1.6804754,-1.2796679
Gesamt_3Arm,3766.397367833334,0.031573832,1.5625638,-0.7489097
device,3766.404253625001,0.3572881,1.6804605,-1.2788957
device,3766.414283000001,0.35781497,1.6804366,-1.2781014
device,3766.4242900416675,0.35838094,1.6804012,-1.2772816
Gesamt_3Arm,3766.427507833334,0.03171897,1.562529,-0.74901295
device,3766.434342375001,0.3589987,1.6803504,-1.276441
device,3766.444282500001,0.3596576,1.6802796,-1.2755831
device,3766.454271833334,0.3603624,1.6801833,-1.2747002
Gesamt_3Arm,3766.4571434166673,0.03186059,1.562495,-0.7491143
device,3766.464352125001,0.36109838,1.680063,-1.2737936
device,3766.4743537916675,0.36187482,1.6799191,-1.2728755
device,3766.484331583334,0.36270154,1.6797516,-1.2719345
Gesamt_3Arm,3766.487597375001,0.032000422,1.5624623,-0.74921584
device,3766.4942790833343,0.36356667,1.6795641,-1.2709891
device,3766.504221708334,0.36447203,1.6793627,-1.2700305
device,3766.5143636666676,0.3654254,1.6791527,-1.2690476
device,3766.5242672916675,0.3664043,1.6789461,-1.2680621
Gesamt_3Arm,3766.5245734166674,0.0326097,1.5628071,-0.7495215
device,3766.5343240000007,0.36742556,1.6787486,-1.2670505
device,3766.5442914166674,0.3684889,1.6785648,-1.2660143
Gesamt_3Arm,3766.547375125001,0.032797694,1.5627922,-0.7496402
device,3766.554254458334,0.36959517,1.6783925,-1.2649515
device,3766.564234000001,0.37072897,1.678234,-1.2638769
device,3766.5744717500006,0.37191927,1.67808,-1.2627648
Gesamt_3Arm,3766.5777624583343,0.032979667,1.5627774,-0.7497542
device,3766.584285000001,0.37312722,1.6779358,-1.2616551
device,3766.5942408750007,0.37438563,1.6778032,-1.260519
device,3766.6042721666677,0.37569454,1.6776922,-1.2593462
Gesamt_3Arm,3766.6077602916675,0.032846987,1.5628746,-0.7492254
device,3766.614320875001,0.37703106,1.6776166,-1.2581568
device,3766.624234625001,0.37840483,1.6775815,-1.256937
device,3766.634438250001,0.37982276,1.6775861,-1.2556801
Gesamt_3Arm,3766.6371975416673,0.033022285,1.5628608,-0.7493353
device,3766.644257833334,0.3812593,1.6776183,-1.2543983
device,3766.654202083334,0.3827107,1.6776664,-1.2530751
device,3766.6642952916677,0.38420883,1.6777166,-1.2517211
Gesamt_3Arm,3766.6676133750007,0.033669293,1.5627836,-0.74951816
device,3766.674267750001,0.3857405,1.6777613,-1.250354
device,3766.6842202500006,0.38731098,1.6777952,-1.2489666
device,3766.6943341250008,0.38894174,1.6778147,-1.2475393
device,3766.7042513750007,0.39061671,1.677817,-1.2460824
Gesamt_3Arm,3766.706201708334,0.034140706,1.5624645,-0.7494302
device,3766.7142601666674,0.39232916,1.6778008,-1.2446
device,3766.724241833334,0.3941095,1.6777661,-1.2430754
Gesamt_3Arm,3766.727340708334,0.03504294,1.5623674,-0.75001407
device,3766.7342716666676,0.3959507,1.6777196,-1.2415271
device,3766.7442354166674,0.3978481,1.6776385,-1.2399479
device,3766.7543020000007,0.39983338,1.6775314,-1.2383121
Gesamt_3Arm,3766.7574389166675,0.033946514,1.5620981,-0.74730945
device,3766.7642362916677,0.40183637,1.6774002,-1.2366765
device,3766.7742657916674,0.40391976,1.6772498,-1.2349918
device,3766.7842421666674,0.40607098,1.6770835,-1.2332735
Gesamt_3Arm,3766.789533875001,0.036236346,1.56216,-0.7496114
device,3766.7945094583342,0.4083131,1.6769055,-1.2315096
device,3766.804123250001,0.41055673,1.6767429,-1.2297673
device,3766.814410000001,0.41292116,1.676602,-1.2279531
Gesamt_3Arm,3766.817358375001,0.037002385,1.5620772,-0.749686
device,3766.8242295833343,0.41533232,1.676508,-1.2261213
device,3766.8342015000007,0.41780967,1.676474,-1.2242562
device,3766.8443265416677,0.42036533,1.6764989,-1.2223371
Gesamt_3Arm,3766.847713750001,0.035536826,1.5621533,-0.7467599
device,3766.8541637500007,0.42295787,1.6765732,-1.2203939
device,3766.8641919166676,0.4256093,1.6766806,-1.2184076
device,3766.874292958334,0.42834273,1.6768111,-1.2163669
Gesamt_3Arm,3766.883576583334,0.038221896,1.5622869,-0.7489059
device,3766.8841742916675,0.43108144,1.6769521,-1.2143282
device,3766.8942347083344,0.43391165,1.6770996,-1.2122258
device,3766.9041484166673,0.4367636,1.6772448,-1.2101135
Gesamt_3Arm,3766.9072028750006,0.038564026,1.5622507,-0.7487104
device,3766.9142192916675,0.43964714,1.6773856,-1.2079663
device,3766.924179000001,0.44252324,1.6775181,-1.2057912
device,3766.9343030416676,0.4454514,1.6776432,-1.2035838
Gesamt_3Arm,3766.9374382916676,0.039209902,1.5622064,-0.74842143
device,3766.944225500001,0.4483762,1.6777616,-1.2013799
device,3766.954168750001,0.45131192,1.6778773,-1.1991633
device,3766.9642487916676,0.45427015,1.6779987,-1.1969216
Gesamt_3Arm,3766.9694610416673,0.039358795,1.5622101,-0.7484565
device,3766.974242083334,0.4572036,1.6781299,-1.1946845
device,3766.9842727916675,0.46013543,1.6782761,-1.1924293
device,3766.9941923750007,0.4630386,1.67843,-1.1901932
Gesamt_3Arm,3766.997440125001,0.03926748,1.5620447,-0.7479582
device,3767.0041912083343,0.46601224,1.6785743,-1.1879749
device,3767.014180458334,0.46892196,1.6787219,-1.185781
device,3767.0243242916677,0.47182763,1.6788763,-1.1835668
Gesamt_3Arm,3767.0273590416673,0.04026991,1.561975,-0.7483907
device,3767.034205000001,0.47465557,1.6790321,-1.1813908
device,3767.0441875416673,0.47745568,1.6792004,-1.1792109
device,3767.054228708334,0.48021686,1.6793863,-1.1770349
device,3767.0642429166674,0.482919,1.6795986,-1.1748729
Gesamt_3Arm,3767.0645465416674,0.040429592,1.5617231,-0.74805284
device,3767.0742477500007,0.4855662,1.6798389,-1.1727189
device,3767.084248750001,0.4881658,1.6800979,-1.1705755
Gesamt_3Arm,3767.0875339166673,0.040774643,1.5617087,-0.7478063
device,3767.094190333334,0.4907236,1.6803637,-1.168463
device,3767.104100833334,0.4932296,1.6806202,-1.1663649
device,3767.1141917916675,0.49570224,1.6808687,-1.1642689
Gesamt_3Arm,3767.117515958334,0.041423023,1.5616827,-0.7473979
device,3767.1242136666674,0.49813113,1.6811185,-1.1621845
device,3767.1341615416677,0.500493,1.6813753,-1.1601249
device,3767.1442022083343,0.5028253,1.681643,-1.1580586
Gesamt_3Arm,3767.1491610416674,0.041817725,1.5616813,-0.7471912
device,3767.154342208334,0.50510836,1.6819168,-1.1560035
device,3767.1641544166673,0.50730115,1.6821856,-1.1540021
device,3767.1744169166673,0.5094938,1.6824582,-1.151975
Gesamt_3Arm,3767.177051208334,0.042497516,1.5616984,-0.7468717
device,3767.184189583334,0.5115851,1.6827091,-1.1500211
device,3767.1942101666673,0.5136822,1.6829243,-1.1480733
device,3767.204145625001,0.51571137,1.6831121,-1.1461778
Gesamt_3Arm,3767.207831625001,0.04038912,1.561696,-0.7442608
device,3767.214193250001,0.5177084,1.6832739,-1.1442978
device,3767.224154250001,0.5196421,1.6834086,-1.142462
device,3767.2345021666674,0.52160853,1.6835234,-1.1405802
Gesamt_3Arm,3767.2435742500006,0.043970823,1.5619537,-0.7464194
device,3767.2441421666676,0.5233865,1.6836082,-1.1388606
device,3767.2541065833343,0.5251909,1.68367,-1.1371006
device,3767.2642137500006,0.5269606,1.6837057,-1.1353812
Gesamt_3Arm,3767.2674112916675,0.044229567,1.5619879,-0.7462778
device,3767.2741977916676,0.52872086,1.6837362,-1.1337458
device,3767.2841747916673,0.5304365,1.6837273,-1.132134
device,3767.2941127916674,0.532093,1.683687,-1.1305652
Gesamt_3Arm,3767.297414833334,0.044726968,1.5620534,-0.74602675
device,3767.3041276666677,0.533716,1.6836262,-1.129017
device,3767.314132958334,0.53528154,1.6835643,-1.1275107
device,3767.324232250001,0.5368192,1.6835184,-1.1260142
Gesamt_3Arm,3767.3277372083344,0.04473853,1.5620695,-0.7459893
device,3767.334110250001,0.5382607,1.683503,-1.1245893
device,3767.3441412916677,0.5396729,1.6835252,-1.1231647
device,3767.354158875001,0.54103726,1.683585,-1.121765
Gesamt_3Arm,3767.357076208334,0.04552692,1.5622997,-0.7457824
device,3767.3641750000006,0.54236335,1.6836878,-1.1204051
device,3767.3741186666675,0.5436335,1.6838173,-1.1190706
device,3767.384281875001,0.5448656,1.6839691,-1.1177421
Gesamt_3Arm,3767.387771333334,0.045782745,1.5624938,-0.7452142
device,3767.3941164583343,0.54600966,1.6841261,-1.1164786
device,3767.404060333334,0.5471164,1.6842844,-1.1152327
device,3767.414398500001,0.548184,1.6844318,-1.1140106
device,3767.424181375001,0.549197,1.6845552,-1.1128362
Gesamt_3Arm,3767.4246545416677,0.044635653,1.562521,-0.74369335
device,3767.4342059166675,0.5501647,1.6846579,-1.1116998
device,3767.4441540000007,0.5510931,1.6847355,-1.1105968
Gesamt_3Arm,3767.4475330833343,0.044777393,1.5625368,-0.7437389
device,3767.4540803333343,0.55198824,1.6847857,-1.1095409
device,3767.464100708334,0.5528756,1.6848078,-1.108563
device,3767.4741842500007,0.553732,1.6848071,-1.1076195
Gesamt_3Arm,3767.477419208334,0.047001064,1.562717,-0.7448101
device,3767.4841351666673,0.55454123,1.6847901,-1.1067207
device,3767.494085083334,0.55531216,1.6847667,-1.1058514
device,3767.504158458334,0.5560504,1.6847394,-1.1050043
Gesamt_3Arm,3767.5076317916673,0.047204673,1.5627596,-0.7445643
device,3767.514151333334,0.55673146,1.6847103,-1.1042107
device,3767.5241458333344,0.55738145,1.6846743,-1.1034448
device,3767.5342857916676,0.55800575,1.6846359,-1.1027066
Gesamt_3Arm,3767.5373181666673,0.047345042,1.5627625,-0.74427176
device,3767.544137208334,0.5586229,1.6846004,-1.1020042
device,3767.554026208334,0.5591954,1.684566,-1.1013329
device,3767.5641044166673,0.55972815,1.6845351,-1.1006849
Gesamt_3Arm,3767.567842000001,0.047452807,1.5627792,-0.7442918
device,3767.574093458334,0.56021875,1.6845111,-1.1000637
device,3767.5841012916676,0.56066513,1.6844956,-1.0994678
device,3767.594331333334,0.56107336,1.684489,-1.0988874
device,3767.604526708334,0.56144243,1.6844914,-1.0983274
Gesamt_3Arm,3767.6049449166676,0.04616338,1.562747,-0.74297786
device,3767.6140958750007,0.5617544,1.6844909,-1.0978181
device,3767.624157333334,0.5620421,1.6844845,-1.0973122
Gesamt_3Arm,3767.6271038333343,0.047477424,1.562708,-0.74372005
device,3767.6341246666675,0.5623082,1.6844757,-1.0968305
device,3767.644042000001,0.56253505,1.6844511,-1.0963777
device,3767.6540580833343,0.5627257,1.6844139,-1.095953
Gesamt_3Arm,3767.6572672083344,0.04745084,1.5627201,-0.74374175
device,3767.6640735416677,0.56287944,1.6843607,-1.0955594
device,3767.6740247500006,0.56300074,1.6842899,-1.095196
device,3767.6843747916673,0.5630951,1.6841973,-1.0948589
Gesamt_3Arm,3767.6875516666673,0.04769671,1.5627674,-0.74337673
device,3767.6940167916673,0.56316185,1.6840875,-1.0945624
device,3767.7039741666676,0.5632018,1.6839703,-1.0942951
device,3767.7140677916673,0.563215,1.6838584,-1.0940578
Gesamt_3Arm,3767.7169286666676,0.047666848,1.5627787,-0.74339414
device,3767.7240477916675,0.5632119,1.6837505,-1.0938346
device,3767.733998833334,0.5632551,1.6836298,-1.0935736
device,3767.7440762916676,0.56327635,1.6835098,-1.093343
Gesamt_3Arm,3767.7474875000007,0.04763919,1.5627897,-0.74341226
device,3767.7539879166675,0.5632736,1.6833935,-1.093148
device,3767.764001250001,0.5632485,1.6832838,-1.0929844
device,3767.7741570416674,0.5632013,1.6831781,-1.0928483
Gesamt_3Arm,3767.7828466250007,0.04671204,1.5629815,-0.7421961
device,3767.784022958334,0.5631381,1.6830875,-1.0927413
device,3767.7940587500007,0.5630597,1.6830143,-1.0926576
device,3767.8039881666673,0.56297624,1.6829662,-1.0925927
Gesamt_3Arm,3767.806862125001,0.04682952,1.5629858,-0.7422917
device,3767.8140215000008,0.56292963,1.6829518,-1.0925481
device,3767.8239814166677,0.56286937,1.682956,-1.0925198
device,3767.8340678333343,0.5627973,1.6829771,-1.0925052
Gesamt_3Arm,3767.8372449166677,0.046950877,1.5629904,-0.74239063
device,3767.844041750001,0.56271696,1.6830201,-1.0925028
device,3767.8539704166674,0.5626285,1.6830945,-1.092509
device,3767.864152208334,0.5625324,1.6832069,-1.092519
Gesamt_3Arm,3767.867345583334,0.04706472,1.5629946,-0.7424834
device,3767.874046083334,0.56243217,1.6833535,-1.09253
device,3767.8840619583343,0.5623257,1.6835284,-1.0925441
device,3767.894046000001,0.562217,1.6837177,-1.092557
Gesamt_3Arm,3767.896929458334,0.048032105,1.5630735,-0.74281406
device,3767.904020500001,0.56211746,1.6839035,-1.0925561
device,3767.9140179166675,0.56201506,1.6840861,-1.0925596
device,3767.9240488750006,0.5619093,1.6842629,-1.0925665
Gesamt_3Arm,3767.9273522916674,0.04907137,1.5630653,-0.743623
device,3767.934041958334,0.5617963,1.6844316,-1.0925751
device,3767.9440339166676,0.5616775,1.684589,-1.0925833
device,3767.9540737083344,0.561549,1.6847416,-1.0925864
Gesamt_3Arm,3767.9634085000007,0.048223794,1.5629983,-0.74306893
device,3767.9639950833343,0.5614146,1.6848897,-1.0925809
device,3767.9740175416673,0.56127167,1.6850368,-1.0925663
device,3767.9840808333342,0.56112105,1.6851768,-1.0925438
Gesamt_3Arm,3767.987448500001,0.04840535,1.5630004,-0.7431576
device,3767.9940527500007,0.5609796,1.6853085,-1.092518
device,3768.003961125001,0.5608919,1.6854266,-1.0924975
device,3768.0140419166673,0.56080127,1.68553,-1.0924699
Gesamt_3Arm,3768.017276250001,0.048269153,1.5627021,-0.7429321
device,3768.0240137916676,0.56070626,1.6856198,-1.0924379
device,3768.034032458334,0.5606076,1.6856995,-1.0924022
device,3768.044071333334,0.5605078,1.68577,-1.0923634
Gesamt_3Arm,3768.0473691666675,0.048448384,1.5627041,-0.7430203
device,3768.0539860416675,0.5604087,1.6858313,-1.0923226
device,3768.0640353333342,0.56031275,1.685884,-1.0922794
device,3768.0742685416676,0.5602288,1.685926,-1.0922301
Gesamt_3Arm,3768.0770978750006,0.04862249,1.5627061,-0.7431054
device,3768.0840432916675,0.5601733,1.6859579,-1.0921639
device,3768.0939877916676,0.56012726,1.6859725,-1.0920954
device,3768.104084125001,0.56009126,1.6859678,-1.0920212
Gesamt_3Arm,3768.107614583334,0.04879296,1.5627081,-0.74318814
device,3768.1140312500006,0.5600709,1.6859417,-1.0919421
device,3768.124063750001,0.5600661,1.6858927,-1.0918539
device,3768.134373750001,0.56007934,1.6858181,-1.0917523
device,3768.1440059166675,0.56011087,1.6857232,-1.0916395
Gesamt_3Arm,3768.144338875001,0.048523128,1.5626445,-0.74285364
device,3768.1539249166676,0.5601636,1.6856079,-1.0915068
device,3768.164034083334,0.5602373,1.6854793,-1.0913523
Gesamt_3Arm,3768.166955833334,0.048487484,1.5626298,-0.7427914
device,3768.173987583334,0.5603307,1.685354,-1.0911685
device,3768.183965583334,0.5604423,1.685218,-1.0909567
device,3768.193954250001,0.5605769,1.685066,-1.0907147
Gesamt_3Arm,3768.1973295000007,0.048453867,1.5626156,-0.7427323
device,3768.203952875001,0.5607352,1.6848948,-1.090443
device,3768.2140892916673,0.5609183,1.6847036,-1.0901414
device,3768.224099125001,0.56112915,1.6844952,-1.0898038
Gesamt_3Arm,3768.2276467083343,0.048419,1.5626017,-0.74267316
device,3768.2340546250007,0.5613615,1.6842788,-1.0894362
device,3768.243981458334,0.56161934,1.6840639,-1.0890332
device,3768.253975208334,0.5619054,1.6838588,-1.0885906
Gesamt_3Arm,3768.2571481250006,0.048142016,1.5625226,-0.74238515
device,3768.263986125001,0.5622196,1.683671,-1.0881085
device,3768.2739471666673,0.56259537,1.6835066,-1.0875523
device,3768.2840077916676,0.5629997,1.68336,-1.0869576
Gesamt_3Arm,3768.2889353750006,0.048109412,1.5625095,-0.7423301
device,3768.2939867916675,0.5634299,1.6832283,-1.0863295
device,3768.303937708334,0.56388533,1.6831111,-1.0856682
device,3768.314152625001,0.5643753,1.6830015,-1.0849636
device,3768.324112458334,0.56488276,1.682899,-1.0842416
Gesamt_3Arm,3768.3326224583343,0.048256636,1.5624933,-0.7423918
device,3768.3339607500006,0.56542134,1.6827984,-1.0834873
device,3768.3440250416675,0.566001,1.682695,-1.0826935
Gesamt_3Arm,3768.3473395416677,0.048400283,1.5624771,-0.74245167
device,3768.3539472083344,0.5666057,1.6825916,-1.0818876
device,3768.363974375001,0.5672543,1.6824921,-1.0810452
device,3768.3739727083343,0.5679292,1.6823943,-1.0801705
Gesamt_3Arm,3768.3771239583343,0.04826665,1.562638,-0.7425399
device,3768.3839856250006,0.5686326,1.6822987,-1.0792618
device,3768.3939691666674,0.5693618,1.6822037,-1.0783224
device,3768.404097125001,0.5701363,1.6821053,-1.0773299
Gesamt_3Arm,3768.407342375001,0.048407733,1.5626224,-0.74259806
device,3768.4140352916675,0.57091653,1.6820099,-1.0763294
device,3768.4239775416677,0.57173145,1.6819121,-1.0752803
device,3768.4341611250006,0.57259226,1.6818165,-1.0741796
Gesamt_3Arm,3768.437482875001,0.04854703,1.5626069,-0.742656
device,3768.4439989583343,0.5734913,1.6817356,-1.0730454
device,3768.4539320416675,0.5744176,1.6816548,-1.0718547
device,3768.4640008750007,0.57536465,1.6815716,-1.0706121
Gesamt_3Arm,3768.4673222083343,0.048655868,1.5626781,-0.742584
device,3768.4739699583342,0.5763249,1.6814864,-1.0693187
device,3768.483954375001,0.577301,1.681389,-1.0679692
device,3768.494238875001,0.578331,1.681269,-1.0665075
device,3768.5040122916676,0.5793276,1.6811329,-1.0650566
Gesamt_3Arm,3768.5045068333343,0.04875666,1.5626396,-0.7424638
device,3768.514307708334,0.58037585,1.6809688,-1.0634916
device,3768.524052625001,0.581411,1.6807907,-1.0619047
Gesamt_3Arm,3768.5269772083343,0.04888755,1.5624206,-0.74206567
device,3768.5342243333344,0.58250153,1.6805854,-1.0602093
device,3768.543912000001,0.5836133,1.6803492,-1.0585086
device,3768.553996708334,0.5847695,1.6800821,-1.0566982
Gesamt_3Arm,3768.5569709166675,0.048582733,1.5621984,-0.74154663
device,3768.563954750001,0.58593076,1.6797938,-1.0548365
device,3768.5740455416676,0.58712006,1.6794798,-1.0528867
device,3768.584257958334,0.58834815,1.6791415,-1.0508382
Gesamt_3Arm,3768.5895105833342,0.048692465,1.5621604,-0.7414465
device,3768.5939866666677,0.58958286,1.6787896,-1.0487418
device,3768.603856750001,0.5908501,1.6784194,-1.0465655
device,3768.6140342916674,0.59215754,1.6780279,-1.0443002
Gesamt_3Arm,3768.6169546250007,0.04967308,1.5622416,-0.7413461
device,3768.6239585000008,0.5934993,1.677628,-1.0419594
device,3768.633941833334,0.59487236,1.6772225,-1.0395553
device,3768.644054500001,0.59628,1.6768124,-1.0370802
Gesamt_3Arm,3768.647131083334,0.049806356,1.5622553,-0.7409115
device,3768.6539090833344,0.5977334,1.6764058,-1.0345191
device,3768.663927458334,0.59921277,1.6760086,-1.0319102
device,3768.674176958334,0.6007428,1.6756157,-1.0292039
device,3768.6839515000006,0.60229367,1.6752379,-1.0264558
Gesamt_3Arm,3768.6845998333342,0.049392104,1.5622987,-0.74028397
device,3768.6939351250007,0.60388327,1.6748779,-1.0236381
device,3768.703856333334,0.60552025,1.6745498,-1.020741
Gesamt_3Arm,3768.706951333334,0.050737023,1.5624757,-0.7404988
device,3768.7139294166673,0.6072218,1.6742787,-1.0177794
device,3768.7238763750006,0.6089436,1.6740899,-1.0147545
device,3768.733932833334,0.6106943,1.6740003,-1.0116389
Gesamt_3Arm,3768.7370068333344,0.050951958,1.5625058,-0.7400775
device,3768.743902875001,0.61245596,1.6740171,-1.0084562
device,3768.753842458334,0.6142218,1.6741223,-1.0052059
device,3768.763918458334,0.616001,1.6742859,-1.0018761
Gesamt_3Arm,3768.767362333334,0.05126667,1.5625349,-0.7399297
device,3768.7743944166673,0.61785185,1.674481,-0.9983649
device,3768.7838792083344,0.6195955,1.6746708,-0.99502563
device,3768.7940462083343,0.6214126,1.6748767,-0.99150306
Gesamt_3Arm,3768.796740625001,0.04987067,1.5624322,-0.7387812
device,3768.804218750001,0.6232712,1.6750965,-0.9878562
device,3768.8140758333343,0.6250704,1.6753174,-0.9842794
device,3768.8241727916675,0.6269082,1.6755372,-0.9805875
Gesamt_3Arm,3768.829386750001,0.05003059,1.5624478,-0.73881507
device,3768.8341186666676,0.62871975,1.6757373,-0.97691804
device,3768.844214750001,0.6305458,1.675912,-0.97319674
device,3768.8543485833343,0.6323592,1.6760591,-0.9694779
device,3768.864246875001,0.6341224,1.676179,-0.9658397
Gesamt_3Arm,3768.8650959166675,0.05045986,1.5624205,-0.73865914
device,3768.873893833334,0.63585794,1.6762846,-0.9622328
device,3768.8840265416675,0.637602,1.6763847,-0.9585781
Gesamt_3Arm,3768.8868524166674,0.053792834,1.5625978,-0.7395754
device,3768.8939316666674,0.6393236,1.6764811,-0.9549537
device,3768.903887125001,0.64102787,1.676568,-0.9513812
device,3768.914080583334,0.6427126,1.6766543,-0.94782424
Gesamt_3Arm,3768.9169510416673,0.054399967,1.5626415,-0.73943853
device,3768.9239355833342,0.6443647,1.6767462,-0.9443147
device,3768.9339126250006,0.64598954,1.6768475,-0.940847
device,3768.943984708334,0.6476,1.6769598,-0.9373939
Gesamt_3Arm,3768.9473882083344,0.054795206,1.5627387,-0.7392428
device,3768.9539129166674,0.6491621,1.6770875,-0.93403935
device,3768.963932958334,0.6507023,1.6772485,-0.9307216
device,3768.973962000001,0.6522279,1.6774526,-0.92744875
Gesamt_3Arm,3768.9768656666674,0.052204013,1.5627013,-0.737937
device,3768.983957958334,0.65375876,1.6777028,-0.9242614
device,3768.9938886666673,0.65524226,1.6779861,-0.9211402
device,3769.0040065000007,0.6566918,1.6782925,-0.91805863
Gesamt_3Arm,3769.007575458334,0.052492023,1.5627857,-0.73777556
device,3769.0139127916673,0.65809387,1.6786184,-0.9150467
device,3769.023926208334,0.6594452,1.6789645,-0.9121149
device,3769.0340300416674,0.66077214,1.6793294,-0.9092091
device,3769.0442367916676,0.6620635,1.6797069,-0.90635467
Gesamt_3Arm,3769.0447977916674,0.0529778,1.5628425,-0.73709345
device,3769.0538497916673,0.6632746,1.6800662,-0.903657
device,3769.0639034166675,0.6644753,1.6804113,-0.9009722
Gesamt_3Arm,3769.0669456250007,0.05324024,1.5628778,-0.73653674
device,3769.0741201666674,0.6656545,1.6807188,-0.89834183
device,3769.083911625001,0.6668003,1.6809419,-0.8958784
device,3769.093945708334,0.6679343,1.6811179,-0.893456
Gesamt_3Arm,3769.0976677500007,0.0570392,1.5630689,-0.7366452
device,3769.1038800416677,0.6690359,1.6812421,-0.8911092
device,3769.1138798750007,0.67009854,1.6813191,-0.88885564
device,3769.1240396666676,0.6711433,1.6813588,-0.8866441
Gesamt_3Arm,3769.127430125001,0.054311395,1.563075,-0.7351577
device,3769.1340406666677,0.67215025,1.68137,-0.88451743
device,3769.143871583334,0.67310315,1.6813633,-0.88250756
device,3769.1539533333344,0.67405254,1.6813496,-0.88052994
Gesamt_3Arm,3769.1568362500007,0.057351768,1.5634321,-0.7346828
device,3769.1639102916674,0.6749978,1.6813351,-0.8786597
device,3769.1738840000007,0.6759094,1.6813304,-0.8768501
device,3769.1839864166673,0.6767878,1.6813427,-0.87510496
Gesamt_3Arm,3769.188936000001,0.05493635,1.5634263,-0.73334837
device,3769.1938531666674,0.677631,1.6813709,-0.8734267
device,3769.203810833334,0.67844415,1.6814079,-0.8718097
device,3769.2140144166674,0.6792421,1.6814533,-0.8702336
Gesamt_3Arm,3769.223377083334,0.057001173,1.5636692,-0.73279
device,3769.2238189166674,0.67999655,1.6814992,-0.8687541
device,3769.233898833334,0.6807415,1.6815468,-0.86730814
device,3769.2438995416674,0.6814711,1.6816056,-0.86591625
Gesamt_3Arm,3769.2472362500007,0.05476433,1.5638785,-0.731303
device,3769.2539163750007,0.6821923,1.6816877,-0.86457807
device,3769.2638522083344,0.68288547,1.6817743,-0.86329794
device,3769.2739321666677,0.68355834,1.6818637,-0.8620586
Gesamt_3Arm,3769.2772075416674,0.054605365,1.5640318,-0.7303467
device,3769.2838675416674,0.68420666,1.6819559,-0.86086994
device,3769.293838583334,0.6848281,1.6820494,-0.8597305
device,3769.3039398750007,0.6854343,1.6821374,-0.8586243
Gesamt_3Arm,3769.3072762916677,0.055995762,1.5641911,-0.7300627
device,3769.3139129166675,0.6860109,1.6822153,-0.8575782
device,3769.3238577916677,0.6865684,1.6822805,-0.8565715
device,3769.3338857916674,0.68710774,1.6823285,-0.8556063
Gesamt_3Arm,3769.3369511250007,0.055555582,1.56432,-0.72909546
device,3769.343857333334,0.6876529,1.6823447,-0.8546727
device,3769.3538281250007,0.68829453,1.6822883,-0.85374475
device,3769.363918583334,0.6889132,1.6822268,-0.8528619
Gesamt_3Arm,3769.3674604583343,0.055250406,1.5644072,-0.72870207
device,3769.373856708334,0.6894945,1.6821643,-0.8520334
device,3769.383872750001,0.6900427,1.6821036,-0.85125065
device,3769.394118708334,0.6905671,1.6820456,-0.85050106
device,3769.4039038750007,0.6910516,1.6819887,-0.8498097
Gesamt_3Arm,3769.404615958334,0.05345553,1.5644095,-0.7276807
device,3769.4138598333343,0.69150925,1.681927,-0.8491614
device,3769.423849875001,0.6919519,1.6818732,-0.848553
Gesamt_3Arm,3769.4267725833342,0.054398596,1.5644424,-0.7272947
device,3769.433873833334,0.6923813,1.6818712,-0.8480053
device,3769.4438461666673,0.692787,1.6818645,-0.8474898
device,3769.4539092916675,0.6931736,1.6818581,-0.84699994
Gesamt_3Arm,3769.4570354166676,0.052641213,1.5644381,-0.7263527
device,3769.463847708334,0.6935312,1.6818564,-0.8465452
device,3769.473874333334,0.69386595,1.6818602,-0.84611255
device,3769.4840022916674,0.6941768,1.681875,-0.8457043
Gesamt_3Arm,3769.4874572916674,0.053407967,1.5645399,-0.7262492
device,3769.4938602083344,0.69445974,1.681903,-0.8453253
device,3769.5038194166673,0.6947194,1.6819439,-0.8449696
device,3769.5143059583343,0.69496256,1.681992,-0.84463197
Gesamt_3Arm,3769.5188435416676,0.051748157,1.5645384,-0.7253256
device,3769.5240113333343,0.6951744,1.6820395,-0.84433466
device,3769.533865000001,0.6953675,1.6820772,-0.8440648
device,3769.543877583334,0.695549,1.6821041,-0.843817
Gesamt_3Arm,3769.547174875001,0.05144608,1.5645844,-0.7250612
device,3769.553818208334,0.6957296,1.6821254,-0.8435819
device,3769.5638004583343,0.695894,1.6821227,-0.8433819
device,3769.5742680000008,0.69604623,1.6820982,-0.84321076
device,3769.5838182083344,0.696179,1.6820571,-0.8430805
Gesamt_3Arm,3769.584087333334,0.051163793,1.5645671,-0.7248192
device,3769.5938275416675,0.69630057,1.6820012,-0.8429784
device,3769.6038144166673,0.69640803,1.6819274,-0.84290606
Gesamt_3Arm,3769.6067685416674,0.0508883,1.5645504,-0.7245834
device,3769.6138597916674,0.69652593,1.6818563,-0.8428383
device,3769.623790125001,0.69669163,1.6818149,-0.84274036
device,3769.6338712916677,0.6968488,1.6817473,-0.8426728
Gesamt_3Arm,3769.6367330416674,0.05155599,1.5644429,-0.72437453
device,3769.643825833334,0.69699836,1.6816713,-0.84262943
device,3769.653817083334,0.6971345,1.6816044,-0.84260535
device,3769.6638812916676,0.69725865,1.6815572,-0.84259677
Gesamt_3Arm,3769.667288708334,0.05129379,1.5644276,-0.7241523
device,3769.6740969166676,0.6973718,1.6815332,-0.84260064
device,3769.683860125001,0.6974702,1.6815295,-0.8426161
device,3769.6939376250007,0.6975596,1.681552,-0.8426412
Gesamt_3Arm,3769.6967068333342,0.05104184,1.5644132,-0.72393775
device,3769.703797458334,0.69762814,1.6816111,-0.8426774
device,3769.7138172916675,0.69768333,1.6816932,-0.8427179
device,3769.7238064583344,0.69772214,1.6817963,-0.8427615
Gesamt_3Arm,3769.7270474583343,0.05079639,1.5643995,-0.7237294
device,3769.7338094583342,0.6977435,1.681914,-0.84281
device,3769.7437960416673,0.69774747,1.6820424,-0.8428612
device,3769.754092333334,0.69773537,1.6821777,-0.8429149
device,3769.7637837083344,0.69770867,1.6823026,-0.8429687
Gesamt_3Arm,3769.764126708334,0.049041748,1.5646852,-0.72285485
device,3769.7738124166676,0.6976707,1.682415,-0.84302384
device,3769.783798708334,0.697623,1.6825048,-0.84307504
Gesamt_3Arm,3769.786745958334,0.0490759,1.5647397,-0.7226224
device,3769.7938002083342,0.69756365,1.6825597,-0.8431182
device,3769.8037354583344,0.6974959,1.6825917,-0.84315354
device,3769.813895208334,0.6974194,1.6826054,-0.84317994
Gesamt_3Arm,3769.8168665416674,0.04911053,1.5647922,-0.7223985
device,3769.823794500001,0.6973342,1.6826046,-0.8431959
device,3769.8337432916674,0.6972428,1.6825933,-0.843199
device,3769.8438338750007,0.69714665,1.6825755,-0.8431871
Gesamt_3Arm,3769.8470507916677,0.049143136,1.5648428,-0.72218204
device,3769.853759125001,0.697045,1.682554,-0.8431614
device,3769.863742833334,0.69693995,1.6825323,-0.84312063
device,3769.873833458334,0.6968334,1.6825122,-0.84306437
Gesamt_3Arm,3769.8769417916674,0.049161017,1.5647471,-0.7219553
device,3769.8837441250007,0.6967204,1.6824992,-0.8430028
device,3769.893746583334,0.69658685,1.6825068,-0.84296155
device,3769.9037180833343,0.69645333,1.6825286,-0.84289837
Gesamt_3Arm,3769.907008000001,0.049191833,1.5647945,-0.72175336
device,3769.9136059583343,0.69631934,1.6825653,-0.8428157
device,3769.9236611250008,0.69618267,1.6826181,-0.8427136
device,3769.9337659583343,0.6960459,1.6826817,-0.8425915
Gesamt_3Arm,3769.9432372083343,0.049708843,1.5648668,-0.7217033
device,3769.9436676250007,0.69591415,1.6827432,-0.842453
device,3769.9537312500006,0.6957842,1.6827971,-0.84229565
device,3769.9637754166674,0.6956584,1.6828345,-0.842119
Gesamt_3Arm,3769.966838500001,0.048742115,1.5649871,-0.72155285
device,3769.9737617916676,0.6955394,1.6828498,-0.8419235
device,3769.9836919166673,0.6954302,1.6828419,-0.84170437
device,3769.9938534583343,0.69534767,1.6828028,-0.8414548
Gesamt_3Arm,3769.9969767916673,0.048666656,1.5650272,-0.7214172
device,3770.0037459166674,0.69527304,1.6827267,-0.8411885
device,3770.013672875001,0.69520664,1.6826042,-0.8408961
device,3770.023756708334,0.69515103,1.6824268,-0.8405774
Gesamt_3Arm,3770.028311833334,0.04859793,1.5650659,-0.7212863
device,3770.0337372916674,0.6951089,1.6821945,-0.8402391
device,3770.0436752916676,0.6950811,1.681905,-0.8398752
device,3770.0538176666673,0.6950711,1.6815572,-0.8394757
Gesamt_3Arm,3770.057198000001,0.048178375,1.5650932,-0.7213237
device,3770.0637260000008,0.6950785,1.681177,-0.83906275
device,3770.0736702916674,0.6951014,1.6807635,-0.83861303
device,3770.083795833334,0.6951421,1.680338,-0.8381288
Gesamt_3Arm,3770.0871913750007,0.048112094,1.565129,-0.7212014
device,3770.0936632500006,0.695197,1.6799287,-0.83761406
device,3770.103663500001,0.6952602,1.6795518,-0.8370593
device,3770.113966958334,0.69532996,1.6792156,-0.83645266
device,3770.123738083334,0.695399,1.6789428,-0.8358303
Gesamt_3Arm,3770.1240372083344,0.048027992,1.5651873,-0.7210345
device,3770.1336707916676,0.6954708,1.6787136,-0.8351597
device,3770.1438272916675,0.6955465,1.678528,-0.8344438
Gesamt_3Arm,3770.1469507083343,0.04794711,1.565244,-0.7208724
device,3770.1536975416675,0.6956253,1.6783845,-0.83369976
device,3770.1636702916676,0.6957171,1.6782817,-0.83290553
device,3770.173994375001,0.6958091,1.6782136,-0.8320589
Gesamt_3Arm,3770.1774925833342,0.048643827,1.5655701,-0.72111464
device,3770.1836818750007,0.6958926,1.6781778,-0.8312061
device,3770.1936464166674,0.69596887,1.6781707,-0.8303096
device,3770.203738875001,0.696033,1.67819,-0.8293698
Gesamt_3Arm,3770.2071459166673,0.04856491,1.5656235,-0.720963
device,3770.213693208334,0.69608164,1.678232,-0.828413
device,3770.2236399166677,0.6961177,1.6782916,-0.82742023
device,3770.233678333334,0.6961446,1.678358,-0.82638747
Gesamt_3Arm,3770.2366224583343,0.048487782,1.565675,-0.7208152
device,3770.243951958334,0.6961741,1.6784177,-0.8253159
device,3770.253965250001,0.6961854,1.6784652,-0.8242267
device,3770.263956458334,0.6961817,1.6784878,-0.8231001
Gesamt_3Arm,3770.2688084166675,0.048413455,1.565725,-0.72067237
device,3770.273930375001,0.6961631,1.6784827,-0.8219373
device,3770.2837242916676,0.6961322,1.6784501,-0.8207517
device,3770.293767708334,0.696089,1.6783966,-0.8195009
device,3770.3037857916675,0.6960325,1.6783242,-0.818218
Gesamt_3Arm,3770.3063256250007,0.04875499,1.565484,-0.72078013
device,3770.3139935416675,0.6959646,1.6782324,-0.8168898
device,3770.3239332916673,0.695888,1.6781209,-0.8155365
Gesamt_3Arm,3770.3275811666676,0.04762566,1.5655118,-0.72039294
device,3770.3336680000007,0.69580877,1.6779804,-0.8141568
device,3770.343595458334,0.69573027,1.677806,-0.81273055
device,3770.3537556250008,0.69566673,1.6775914,-0.81125736
Gesamt_3Arm,3770.3570896666674,0.047701597,1.5655202,-0.72028995
device,3770.3636434166674,0.69561195,1.6773462,-0.8097797
device,3770.3736543333343,0.69556695,1.6770691,-0.80825144
device,3770.384159583334,0.6955356,1.6767671,-0.8066698
Gesamt_3Arm,3770.3872323750006,0.047846615,1.5654501,-0.72006035
device,3770.3936722916674,0.69552195,1.6764518,-0.8050683
device,3770.403704083334,0.6955273,1.6761196,-0.80341125
device,3770.4137911666676,0.69555545,1.6757772,-0.80169255
Gesamt_3Arm,3770.4171286666674,0.047915995,1.5654578,-0.719964
device,3770.4238448750007,0.6956062,1.6754376,-0.7999521
device,3770.4336901666675,0.6956795,1.6751049,-0.7981663
device,3770.4436844583342,0.69578004,1.6747792,-0.7963109
Gesamt_3Arm,3770.4472125416673,0.048122525,1.5655566,-0.7196443
device,3770.4536597083343,0.6959134,1.6744671,-0.79443604
device,3770.4636753333343,0.6960753,1.6741681,-0.79250556
device,3770.4739179166677,0.6962658,1.6738782,-0.79049367
device,3770.483739625001,0.6964809,1.6736113,-0.7884555
Gesamt_3Arm,3770.4854269583343,0.049440444,1.5657494,-0.71909475
device,3770.493703875001,0.69672143,1.6733663,-0.78635484
device,3770.5036806666676,0.6969899,1.6731429,-0.7841733
Gesamt_3Arm,3770.508961000001,0.049533606,1.5657585,-0.71879244
device,3770.513679458334,0.6972835,1.6729413,-0.78193694
device,3770.5236436250007,0.69760084,1.6727641,-0.7796297
device,3770.533724500001,0.6979422,1.6726115,-0.77724004
Gesamt_3Arm,3770.5367626666675,0.04966581,1.5658013,-0.7182002
device,3770.543879250001,0.6983038,1.6724873,-0.77476764
device,3770.5536538750007,0.69867826,1.6723851,-0.7722524
device,3770.5637909166676,0.6990724,1.6722904,-0.7696462
Gesamt_3Arm,3770.5673589166677,0.048747957,1.5657911,-0.7173331
device,3770.5739561666674,0.6994896,1.6721917,-0.76693255
device,3770.5836324583343,0.6999091,1.6720889,-0.76422787
device,3770.593626083334,0.70035076,1.6719731,-0.76139
Gesamt_3Arm,3770.5966170416673,0.04883051,1.5656732,-0.7165766
device,3770.603601458334,0.70079285,1.6718432,-0.758498
device,3770.613573708334,0.70124525,1.6716927,-0.75553614
device,3770.623653583334,0.7017107,1.6715206,-0.7524762
Gesamt_3Arm,3770.6270080416675,0.050010145,1.5656508,-0.71608305
device,3770.6336202500006,0.7021779,1.6713564,-0.74936914
device,3770.6435744166674,0.70264125,1.6712294,-0.7461889
device,3770.6537372916673,0.703098,1.6711763,-0.7428822
device,3770.663617708334,0.70352304,1.6712191,-0.7395704
Gesamt_3Arm,3770.672134833334,0.048861504,1.5655035,-0.715189
device,3770.6735285833342,0.7039169,1.6713469,-0.7361667
device,3770.683634000001,0.70428145,1.6715312,-0.73265916
Gesamt_3Arm,3770.6868560000007,0.049958467,1.565381,-0.71484375
device,3770.693727333334,0.7046255,1.6717348,-0.7290776
device,3770.703833458334,0.7049552,1.6719344,-0.725472
device,3770.713969208334,0.7052719,1.6721392,-0.7217517
Gesamt_3Arm,3770.7170939583343,0.048889935,1.5652174,-0.7138982
device,3770.7238152916675,0.70556223,1.672342,-0.7180953
device,3770.733820625001,0.70584154,1.6725533,-0.7143533
device,3770.7439275000006,0.70611066,1.6727641,-0.71056086
Gesamt_3Arm,3770.748767833334,0.048767388,1.565122,-0.7134259
device,3770.753793250001,0.7063724,1.6729602,-0.70678806
device,3770.763812333334,0.70663023,1.6731356,-0.7030502
device,3770.7739699166673,0.70688915,1.6732863,-0.6992832
Gesamt_3Arm,3770.7771649166675,0.048732758,1.5650747,-0.7127471
device,3770.7839421666677,0.70714957,1.6734179,-0.6955125
device,3770.7938296666675,0.70740783,1.6735367,-0.6918562
device,3770.803851750001,0.70765847,1.6736487,-0.68817335
Gesamt_3Arm,3770.807270750001,0.048722923,1.5650927,-0.71233463
device,3770.813825625001,0.7078921,1.6737685,-0.68451196
device,3770.8238884166676,0.7081078,1.6739056,-0.6808946
device,3770.8340985833343,0.7083064,1.674072,-0.677227
device,3770.8436622500008,0.7084734,1.6742591,-0.6737705
Gesamt_3Arm,3770.8510882916676,0.048871815,1.565086,-0.7117777
device,3770.8535227083344,0.70862144,1.6744783,-0.67028123
device,3770.863600625001,0.7087469,1.6747345,-0.6667955
Gesamt_3Arm,3770.866487250001,0.04882884,1.5650121,-0.7114451
device,3770.873577750001,0.70884645,1.675032,-0.66338664
device,3770.8835696250007,0.708911,1.6753781,-0.6600194
device,3770.893549000001,0.70893705,1.6757724,-0.6566982
Gesamt_3Arm,3770.8969336250007,0.049770415,1.5649168,-0.7107475
device,3770.903589833334,0.70892644,1.6762109,-0.6534305
device,3770.913579125001,0.7088824,1.6766887,-0.6502223
device,3770.9236655416676,0.7088017,1.6772063,-0.6470497
Gesamt_3Arm,3770.927189583334,0.04974258,1.5647662,-0.71037865
device,3770.9338973333342,0.70868826,1.6777465,-0.6439376
device,3770.9435504583344,0.70855093,1.6782787,-0.6409562
device,3770.9537767083343,0.70839065,1.6788089,-0.6379497
Gesamt_3Arm,3770.956605250001,0.048569024,1.5644846,-0.7098119
device,3770.9636507916675,0.70821977,1.6793058,-0.6350634
device,3770.9735402083343,0.7080542,1.679777,-0.6322923
device,3770.983609833334,0.70788383,1.6802224,-0.629549
Gesamt_3Arm,3770.989070333334,0.0495314,1.5643508,-0.70931125
device,3770.9935703750007,0.7077124,1.6806364,-0.6268738
device,3771.0035517083343,0.707541,1.6810212,-0.62427425
device,3771.013749750001,0.7073657,1.6813858,-0.62168914
device,3771.023965333334,0.70719177,1.681717,-0.6191816
Gesamt_3Arm,3771.024615083334,0.04964894,1.5641757,-0.70863175
device,3771.0335925416675,0.7070216,1.6820087,-0.6168094
device,3771.0436619583343,0.7068464,1.6822686,-0.6144242
Gesamt_3Arm,3771.0469628750006,0.048797548,1.5641657,-0.7083204
device,3771.0535712083342,0.7066812,1.6824648,-0.6120983
device,3771.0635716666675,0.7065174,1.682615,-0.6098261
device,3771.0736770416675,0.7063548,1.6827205,-0.60760206
Gesamt_3Arm,3771.0770117916677,0.04879421,1.5641623,-0.70767975
device,3771.0836258333343,0.7061975,1.6827825,-0.60544676
device,3771.093569708334,0.70604575,1.6828065,-0.60334444
device,3771.1037425416675,0.70590043,1.6828041,-0.6012819
Gesamt_3Arm,3771.1071183333343,0.049066782,1.5640898,-0.70736384
device,3771.1139026666674,0.7057594,1.6827873,-0.59929043
device,3771.1235992916677,0.70562434,1.6827698,-0.5974035
device,3771.133604458334,0.70548147,1.6827606,-0.59553146
Gesamt_3Arm,3771.1367086666673,0.0492239,1.5641466,-0.70699763
device,3771.1435742500007,0.7053203,1.6827744,-0.5937152
device,3771.1536012916677,0.7051579,1.6828231,-0.5919567
device,3771.163574500001,0.7049949,1.6829153,-0.59027773
Gesamt_3Arm,3771.1668125833344,0.048652172,1.5642011,-0.706619
device,3771.173563875001,0.7048301,1.6830534,-0.58865666
device,3771.1835564583344,0.70466626,1.6832266,-0.58709913
device,3771.1938512916677,0.704501,1.6834284,-0.58555657
Gesamt_3Arm,3771.2026706666675,0.049307168,1.5641924,-0.70610046
device,3771.2035650416674,0.70435303,1.6836267,-0.58416605
device,3771.2135341666676,0.70420647,1.683833,-0.58278507
device,3771.2236288333343,0.7040679,1.6840445,-0.58145905
Gesamt_3Arm,3771.2267133333344,0.04933095,1.5641453,-0.7059939
device,3771.2336235416674,0.7039396,1.684258,-0.5801924
device,3771.2435190833344,0.7038373,1.6844776,-0.5789893
device,3771.2536475000006,0.7037327,1.684683,-0.577826
Gesamt_3Arm,3771.256750250001,0.048622012,1.5642232,-0.7057519
device,3771.2635712916676,0.70362955,1.6848652,-0.5767398
device,3771.2735456250007,0.70351917,1.6850227,-0.5757158
device,3771.2836855833343,0.703408,1.6851664,-0.5747509
Gesamt_3Arm,3771.286871250001,0.04864168,1.5641801,-0.7056532
device,3771.293581208334,0.70329416,1.6852946,-0.57385904
device,3771.3034899166673,0.70317614,1.6854091,-0.5730345
device,3771.313499000001,0.70305127,1.685507,-0.5722654
Gesamt_3Arm,3771.316472500001,0.049295306,1.5641115,-0.7052803
device,3771.3235192916677,0.7029242,1.6855894,-0.57153153
device,3771.3334507916675,0.702793,1.685651,-0.5708649
device,3771.3435209166673,0.7026527,1.685693,-0.57025915
Gesamt_3Arm,3771.3464840000006,0.049309373,1.564071,-0.705189
device,3771.3537319583343,0.70250404,1.6857197,-0.56970555
device,3771.3637455416674,0.70234495,1.6857302,-0.56921595
device,3771.373957625001,0.70217025,1.685728,-0.5687747
device,3771.3835711666675,0.701984,1.6857167,-0.56839824
Gesamt_3Arm,3771.3851849583343,0.04938966,1.5640081,-0.7052157
device,3771.3936707916673,0.70177627,1.6856968,-0.5680616
device,3771.4035718333344,0.70155233,1.6856666,-0.567777
Gesamt_3Arm,3771.4064059166676,0.048527062,1.5640339,-0.70536256
device,3771.413502833334,0.70131296,1.6856205,-0.5675309
device,3771.4234584166675,0.70108503,1.685566,-0.5673116
device,3771.433563833334,0.7008366,1.6854906,-0.56712747
Gesamt_3Arm,3771.4367701250007,0.04866427,1.5637577,-0.7051995
device,3771.443514583334,0.70057255,1.6854025,-0.5669839
device,3771.453456875001,0.70028806,1.6853082,-0.5668781
device,3771.463653250001,0.69997716,1.6852115,-0.5668112
Gesamt_3Arm,3771.466724083334,0.04873389,1.563701,-0.70522404
device,3771.4735332916675,0.6996572,1.6851248,-0.56678754
device,3771.4836778333342,0.6993128,1.6850544,-0.56680506
device,3771.4935792083343,0.6989628,1.6850109,-0.5668658
Gesamt_3Arm,3771.4968729583343,0.04880476,1.5636469,-0.7052474
device,3771.5035362916674,0.69860077,1.6850108,-0.5669461
device,3771.5135188333343,0.69824255,1.6850913,-0.5669712
device,3771.5235592916674,0.6978781,1.6852105,-0.56704426
Gesamt_3Arm,3771.526919208334,0.049014628,1.5635953,-0.70548415
device,3771.533536625001,0.69751227,1.685363,-0.5671663
device,3771.543478583334,0.6971457,1.6855416,-0.567333
device,3771.553945875001,0.6967667,1.6857406,-0.5675437
device,3771.5635024583344,0.6964151,1.6859213,-0.5677707
Gesamt_3Arm,3771.5638515833343,0.049131155,1.5635685,-0.70549536
device,3771.5735182500007,0.696059,1.6860926,-0.5680283
device,3771.583504583334,0.6957103,1.6862425,-0.56830144
Gesamt_3Arm,3771.586949458334,0.049244106,1.5635426,-0.7055063
device,3771.593546333334,0.69536954,1.6863706,-0.5685761
device,3771.603462875001,0.6950387,1.6864729,-0.56886697
device,3771.6135265416674,0.69471693,1.6865534,-0.5691729
Gesamt_3Arm,3771.616835250001,0.049956083,1.5636238,-0.70569897
device,3771.623522625001,0.69440347,1.6866184,-0.5694898
device,3771.6334789166676,0.6940955,1.686675,-0.56982213
device,3771.643543000001,0.693786,1.686732,-0.57016397
Gesamt_3Arm,3771.646826583334,0.050061762,1.5636001,-0.70570946
device,3771.6534965833343,0.6934779,1.6867952,-0.5705037
device,3771.663509375001,0.69317037,1.6868612,-0.57083994
device,3771.6736541666673,0.6928597,1.6869284,-0.5711716
Gesamt_3Arm,3771.6763856666676,0.050166607,1.5635774,-0.7057183
device,3771.683513125001,0.69256246,1.686995,-0.57147527
device,3771.693472125001,0.6922643,1.6870596,-0.57177067
device,3771.703623000001,0.69196296,1.6871247,-0.572057
Gesamt_3Arm,3771.707192208334,0.05026424,1.5635554,-0.70572805
device,3771.7135107916674,0.6916744,1.6871898,-0.57231474
device,3771.7235065833343,0.6913845,1.6872548,-0.5725642
device,3771.733624833334,0.69108963,1.687316,-0.5728083
device,3771.7435135416677,0.69080055,1.6873677,-0.57303834
Gesamt_3Arm,3771.744102875001,0.048817158,1.5635959,-0.70584345
device,3771.7534355000007,0.6905111,1.6874084,-0.5732603
device,3771.763569625001,0.69022244,1.6874354,-0.5734766
Gesamt_3Arm,3771.766460208334,0.04877162,1.5636203,-0.70583534
device,3771.773503625001,0.6899395,1.6874428,-0.57367975
device,3771.7834446666675,0.6896669,1.6874132,-0.57384044
device,3771.7934782916673,0.6894009,1.6873741,-0.5739968
Gesamt_3Arm,3771.7965686666676,0.048386335,1.5635809,-0.70587015
device,3771.803465000001,0.68914413,1.6873254,-0.57414985
device,3771.8134746250007,0.6888991,1.6872666,-0.574301
device,3771.823492375001,0.68866575,1.6871978,-0.57444865
Gesamt_3Arm,3771.8269347916676,0.048380196,1.5636061,-0.7058544
device,3771.8335126666675,0.68844587,1.6871203,-0.5745895
device,3771.843483583334,0.68823946,1.6870326,-0.57472235
device,3771.8535457500006,0.6880454,1.6869308,-0.57484484
Gesamt_3Arm,3771.856491458334,0.048338175,1.5636286,-0.70584726
device,3771.8634990833343,0.687869,1.6868174,-0.57495594
device,3771.873435958334,0.6877071,1.6866857,-0.5750523
device,3771.883479750001,0.6875585,1.6865368,-0.5751315
Gesamt_3Arm,3771.886735958334,0.048298955,1.5636504,-0.7058401
device,3771.8934226666674,0.68742466,1.6863705,-0.57519054
device,3771.903428750001,0.68730503,1.6861862,-0.5752316
device,3771.9137224166675,0.6871995,1.6859782,-0.5752537
device,3771.9234553750007,0.6871158,1.6857663,-0.57525563
Gesamt_3Arm,3771.9320965416673,0.048639715,1.5637317,-0.70595646
device,3771.933429625001,0.68704385,1.6855369,-0.57523966
device,3771.9434940833344,0.686983,1.6852943,-0.5751999
Gesamt_3Arm,3771.9466028750007,0.048642814,1.5637331,-0.7058799
device,3771.9534554166676,0.68693084,1.6850435,-0.5751271
device,3771.9634154166674,0.6868873,1.6848056,-0.57503444
device,3771.9735983750006,0.6868483,1.6845865,-0.5749192
Gesamt_3Arm,3771.976977500001,0.048644125,1.5637342,-0.705806
device,3771.9834590833343,0.6868107,1.684391,-0.57478434
device,3771.993415958334,0.68677324,1.6842195,-0.5746277
device,3772.0036180416673,0.6867341,1.6840624,-0.57444715
Gesamt_3Arm,3772.0067546666673,0.048647046,1.5637355,-0.70573497
device,3772.013455625001,0.6866938,1.6839237,-0.5742507
device,3772.0234630833343,0.6866495,1.6837944,-0.57402736
device,3772.033491208334,0.68659884,1.6836857,-0.5737779
Gesamt_3Arm,3772.0368247916676,0.04736799,1.5640059,-0.7059789
device,3772.043446333334,0.68654686,1.6835972,-0.57350755
device,3772.053429583334,0.68651724,1.683528,-0.57322454
device,3772.0635054166673,0.6864698,1.6834797,-0.5729108
Gesamt_3Arm,3772.066819083334,0.0473693,1.5640072,-0.70591307
device,3772.073434250001,0.68640393,1.6834431,-0.5725684
device,3772.0834595416677,0.6863189,1.6834115,-0.5721898
device,3772.0935767916676,0.68621355,1.6833787,-0.5717747
device,3772.103399833334,0.6860916,1.6833403,-0.57133174
Gesamt_3Arm,3772.104144625001,0.047454834,1.5640024,-0.70589375
device,3772.1134442083344,0.68594545,1.6832947,-0.57084805
device,3772.1234270833343,0.6857774,1.6832384,-0.57032585
Gesamt_3Arm,3772.1266176666677,0.04753709,1.5639976,-0.70587516
device,3772.1334894166675,0.68557894,1.6831763,-0.5697716
device,3772.143379583334,0.68536276,1.6831025,-0.5691867
device,3772.1534456666677,0.6851279,1.683015,-0.56855965
Gesamt_3Arm,3772.1564821666675,0.04770291,1.5638562,-0.70573926
device,3772.1634126666677,0.68487453,1.682919,-0.5679038
device,3772.1733780833342,0.6846016,1.682821,-0.5672144
device,3772.1835018750007,0.6843037,1.6827165,-0.5664849
Gesamt_3Arm,3772.186993500001,0.047781646,1.5638518,-0.7057216
device,3772.193739333334,0.6839852,1.682608,-0.565723
device,3772.2034130416673,0.6836516,1.6824967,-0.56494516
device,3772.213463708334,0.6832894,1.6823722,-0.564118
Gesamt_3Arm,3772.2163454166675,0.047853887,1.5638475,-0.70570517
device,3772.2234370833344,0.682899,1.6822379,-0.5632658
device,3772.233388583334,0.68248886,1.6820908,-0.56237805
device,3772.2435001666677,0.68205035,1.6819258,-0.56144744
Gesamt_3Arm,3772.2469742500007,0.047927022,1.5638435,-0.7056885
device,3772.253422083334,0.681598,1.6817473,-0.56049573
device,3772.2634234166676,0.6811247,1.6815537,-0.5595034
device,3772.2736042083343,0.6806227,1.6813445,-0.5584553
device,3772.2834465416677,0.6801151,1.6811298,-0.55739737
device,3772.2933956666675,0.6795826,1.6809046,-0.5562895
Gesamt_3Arm,3772.301678083334,0.04878199,1.5638226,-0.7054105
device,3772.3037998333343,0.6790238,1.6806604,-0.555122
Gesamt_3Arm,3772.306927125001,0.04884851,1.5638188,-0.7053952
device,3772.313449583334,0.6784667,1.6804094,-0.553953
device,3772.3233652500007,0.6778831,1.6801331,-0.5527427
device,3772.3335511250007,0.6772807,1.679849,-0.5514802
Gesamt_3Arm,3772.336600333334,0.04796225,1.5639137,-0.70533705
device,3772.3434917916675,0.6766667,1.6795614,-0.5501708
device,3772.353368958334,0.6760497,1.679271,-0.5488261
device,3772.363518458334,0.67541635,1.6789733,-0.54741657
Gesamt_3Arm,3772.366986958334,0.04802543,1.5639104,-0.7053225
device,3772.373692625001,0.6747768,1.6786695,-0.5459546
device,3772.3834326250008,0.6741458,1.6783702,-0.5444735
device,3772.3935307083343,0.6735012,1.6780645,-0.5429172
Gesamt_3Arm,3772.3964647916673,0.048568487,1.5639672,-0.7049582
device,3772.403399625001,0.67286116,1.6777543,-0.54131395
device,3772.413360958334,0.6722223,1.6774493,-0.5396733
device,3772.423486708334,0.67157114,1.6771411,-0.53795934
Gesamt_3Arm,3772.426945875001,0.049328685,1.5640035,-0.70457053
device,3772.4334085833343,0.67091465,1.6768365,-0.5361851
device,3772.4437521250006,0.6702404,1.6765363,-0.53432345
device,3772.453409458334,0.66957515,1.6762536,-0.5324462
Gesamt_3Arm,3772.4626026250007,0.047987103,1.5641652,-0.70448637
device,3772.4633164166676,0.6688971,1.6759806,-0.5305015
device,3772.4733414583343,0.66819894,1.6757139,-0.52846557
device,3772.483347833334,0.6674911,1.675448,-0.52635366
Gesamt_3Arm,3772.486265458334,0.04804337,1.5641618,-0.7044735
device,3772.493337208334,0.6667826,1.6751785,-0.5241697
device,3772.503374000001,0.6660545,1.6749068,-0.52190405
device,3772.5133858333343,0.6653084,1.6746305,-0.51956683
Gesamt_3Arm,3772.5164049166674,0.048991084,1.5641072,-0.7036879
device,3772.5233900000007,0.6645497,1.6743464,-0.5171719
device,3772.5333096666677,0.66376853,1.6740637,-0.51470566
device,3772.543490000001,0.66295207,1.6737754,-0.5121372
Gesamt_3Arm,3772.5469400416673,0.048327923,1.5641372,-0.70359755
device,3772.553389208334,0.66212046,1.6734946,-0.50954103
device,3772.5636484166675,0.6612425,1.6732095,-0.50681907
device,3772.573493000001,0.66036373,1.6729465,-0.50410503
Gesamt_3Arm,3772.576249708334,0.048669815,1.5640587,-0.703048
device,3772.583380833334,0.659442,1.6727208,-0.50128275
device,3772.5932850416675,0.65850055,1.6725669,-0.4984467
device,3772.6033270000007,0.65751326,1.6724713,-0.4955095
Gesamt_3Arm,3772.606813125001,0.048883498,1.5640297,-0.7027564
device,3772.6133505416674,0.6565049,1.6724392,-0.49255392
device,3772.623320708334,0.6554614,1.6724632,-0.48954904
device,3772.6336406666674,0.6543767,1.6725302,-0.4864843
Gesamt_3Arm,3772.6430167916674,0.049206376,1.5640197,-0.702214
device,3772.6434072083343,0.6532669,1.6726217,-0.4833928
device,3772.653302458334,0.65215385,1.6727216,-0.48032713
device,3772.6632997916677,0.6510078,1.6728288,-0.47721028
Gesamt_3Arm,3772.666322458334,0.049231768,1.5640159,-0.7019901
device,3772.673327958334,0.6498383,1.6729456,-0.4740944
device,3772.6833250416676,0.6486574,1.67307,-0.4709736
device,3772.693331250001,0.64746565,1.6731968,-0.46785006
Gesamt_3Arm,3772.696885333334,0.049039125,1.5639992,-0.70162535
device,3772.703311458334,0.6462707,1.673321,-0.4647404
device,3772.7132790416676,0.6450782,1.6734395,-0.46165544
device,3772.7234086666676,0.64386475,1.6735554,-0.45855305
Gesamt_3Arm,3772.7286489166677,0.048936784,1.5639842,-0.7014437
device,3772.7333945833343,0.6426671,1.6736686,-0.45551988
device,3772.7433065416676,0.64147216,1.6737856,-0.45252985
device,3772.7533062083344,0.6402593,1.6739092,-0.44953215
device,3772.763338625001,0.63907546,1.6740149,-0.446603
Gesamt_3Arm,3772.765286083334,0.048869133,1.563942,-0.70097685
device,3772.7733141666677,0.6378807,1.674124,-0.44367945
device,3772.783321833334,0.63669217,1.6742337,-0.44079387
Gesamt_3Arm,3772.786834708334,0.048321128,1.563974,-0.7008929
device,3772.793272625001,0.6355135,1.6743474,-0.43794152
device,3772.803221000001,0.6343418,1.6744753,-0.4351135
device,3772.8134565416676,0.63316435,1.674631,-0.4322815
Gesamt_3Arm,3772.8227902500007,0.04843074,1.5639571,-0.70035267
device,3772.823243625001,0.63203245,1.6748173,-0.4295709
device,3772.8332540416677,0.6308894,1.6750448,-0.4268448
device,3772.843508000001,0.62975895,1.6753095,-0.42416757
Gesamt_3Arm,3772.846677125001,0.048659563,1.5639696,-0.70004964
device,3772.8533056666674,0.62866217,1.6756058,-0.421538
device,3772.8632734583343,0.6276493,1.6759017,-0.41894484
device,3772.873422750001,0.62663054,1.6762353,-0.4163705
Gesamt_3Arm,3772.8765412916673,0.04903251,1.5640074,-0.69947886
device,3772.883283875001,0.6256372,1.6765883,-0.4139006
device,3772.893310000001,0.6246411,1.676956,-0.41146228
device,3772.9034836666674,0.6236494,1.6773264,-0.40906715
Gesamt_3Arm,3772.908218583334,0.04903543,1.5640103,-0.6992595
device,3772.9136212916674,0.6226753,1.6776794,-0.4067428
device,3772.923273083334,0.6217405,1.67799,-0.404521
device,3772.9333337500007,0.6208068,1.6782511,-0.40230244
Gesamt_3Arm,3772.9362134583344,0.048983276,1.5639552,-0.69880843
device,3772.9434512500006,0.61991274,1.6784338,-0.40016723
device,3772.9531962916676,0.61906016,1.678561,-0.39810252
device,3772.963245500001,0.6182227,1.6786525,-0.39605892
Gesamt_3Arm,3772.9667557500006,0.048368156,1.5640143,-0.6988385
device,3772.973311625001,0.6174042,1.678726,-0.394058
device,3772.983225958334,0.6166055,1.678799,-0.39211762
device,3772.9933577916677,0.6158135,1.6788826,-0.39020285
Gesamt_3Arm,3773.002915000001,0.048523307,1.5639606,-0.69826365
device,3773.0033721250006,0.6150453,1.6789836,-0.3883646
device,3773.0132645416675,0.6142998,1.6791031,-0.3865981
device,3773.0232817083343,0.6135608,1.6792437,-0.38485748
Gesamt_3Arm,3773.0262866666676,0.04854983,1.5639141,-0.69796944
device,3773.0332775416673,0.6128428,1.679407,-0.38316652
device,3773.0432335833343,0.6121421,1.6795841,-0.3815267
device,3773.0533804583342,0.61144644,1.6797771,-0.37991616
Gesamt_3Arm,3773.0564594166676,0.04748279,1.5639596,-0.6982181
device,3773.063295500001,0.6107688,1.679976,-0.37836397
device,3773.073234000001,0.6101002,1.6801791,-0.37685025
device,3773.0833325416675,0.60943437,1.6803856,-0.37536258
Gesamt_3Arm,3773.086488500001,0.047382653,1.5639007,-0.69777775
device,3773.0932736666673,0.6087882,1.6805903,-0.37392986
device,3773.1032602916675,0.6081496,1.6807959,-0.37253603
device,3773.113430083334,0.60751426,1.6810099,-0.37117726
Gesamt_3Arm,3773.1163227083343,0.04556322,1.5641084,-0.69829535
device,3773.1233136666674,0.60688317,1.6812366,-0.3698616
device,3773.133207625001,0.60624135,1.6814998,-0.36855507
device,3773.1432505416674,0.60560405,1.681752,-0.36728144
Gesamt_3Arm,3773.146822875001,0.045232415,1.564084,-0.6984074
device,3773.1532052916673,0.6049803,1.6819841,-0.36604995
device,3773.1632246666677,0.6043712,1.6821913,-0.3648674
device,3773.1732699166673,0.6037698,1.6823748,-0.36371648
Gesamt_3Arm,3773.1826178750007,0.045718968,1.5638881,-0.69777226
device,3773.1836122916675,0.6031727,1.6825371,-0.3625936
device,3773.193231458334,0.6026071,1.6826707,-0.3615515
device,3773.203256750001,0.6020373,1.6827801,-0.3605311
Gesamt_3Arm,3773.206377958334,0.04522115,1.5638376,-0.6977308
device,3773.2132872083343,0.60146964,1.6828564,-0.3595738
device,3773.2231960416675,0.60093117,1.6828979,-0.3586632
device,3773.2332611666675,0.6003996,1.6829133,-0.35778624
Gesamt_3Arm,3773.236312375001,0.044870913,1.5638204,-0.69784474
device,3773.243250583334,0.59988713,1.6829023,-0.356961
device,3773.2531809166676,0.5993922,1.682865,-0.35618004
device,3773.2633392500006,0.5989082,1.6828035,-0.3554357
Gesamt_3Arm,3773.2664516666673,0.04428667,1.5637947,-0.6978822
device,3773.2732455416676,0.5984452,1.6827164,-0.35474038
device,3773.2832994166674,0.59800017,1.6826012,-0.3540852
device,3773.293205083334,0.5975764,1.6824571,-0.35347402
Gesamt_3Arm,3773.296461208334,0.043935657,1.5637794,-0.6979959
device,3773.303199083334,0.5971641,1.6822823,-0.3529105
device,3773.3131986666676,0.59677714,1.6820842,-0.35239017
device,3773.323274500001,0.59640914,1.6818643,-0.3519112
Gesamt_3Arm,3773.3272982500007,0.043583572,1.5637646,-0.69811034
device,3773.3332111250006,0.59606564,1.681629,-0.3514738
device,3773.3431499166677,0.5957444,1.6813741,-0.35107553
device,3773.3535886666673,0.5954319,1.6811032,-0.35069948
Gesamt_3Arm,3773.3626819166675,0.042737007,1.5639535,-0.6983614
device,3773.3631496666676,0.59515905,1.680864,-0.35037875
device,3773.373254333334,0.5948869,1.6806543,-0.35007977
device,3773.3832384583343,0.5946257,1.6805025,-0.3498211
Gesamt_3Arm,3773.3862380833343,0.04253328,1.5639453,-0.6984265
device,3773.393217250001,0.59437597,1.6804203,-0.34959707
device,3773.403120833334,0.59414494,1.6804202,-0.3494078
device,3773.4132261250006,0.5939149,1.6804925,-0.34924805
Gesamt_3Arm,3773.4161748750007,0.042331934,1.5639375,-0.6984906
device,3773.4232110416674,0.5936838,1.680627,-0.3491183
device,3773.4331683750006,0.59344894,1.6808027,-0.34901488
device,3773.443299875001,0.59320825,1.680993,-0.34893355
Gesamt_3Arm,3773.4464497500007,0.043213665,1.5641556,-0.69804645
device,3773.453137000001,0.59296775,1.6811697,-0.3488663
device,3773.463159500001,0.5927301,1.681315,-0.34881186
device,3773.4732857916674,0.59248614,1.6814371,-0.3487723
Gesamt_3Arm,3773.476236583334,0.043017805,1.5641489,-0.69810843
device,3773.4831662083343,0.5922313,1.6815562,-0.34875318
device,3773.4931380000007,0.59197927,1.6816571,-0.3487495
device,3773.503230500001,0.59172726,1.6817514,-0.3487639
Gesamt_3Arm,3773.5066572916676,0.042826056,1.5641427,-0.6981678
device,3773.5131958750007,0.59148055,1.6818373,-0.34879556
device,3773.5231790000007,0.5912387,1.6819139,-0.34884438
device,3773.533507125001,0.5909969,1.6819792,-0.3489078
device,3773.543182125001,0.5907747,1.6820271,-0.34897888
Gesamt_3Arm,3773.5514443750008,0.04220456,1.5640787,-0.69877625
device,3773.553133500001,0.59055775,1.6820639,-0.34906048
device,3773.5631865833343,0.59034324,1.6820936,-0.34915078
Gesamt_3Arm,3773.566197833334,0.04201734,1.5640733,-0.6988344
device,3773.5731797916674,0.5901226,1.6821262,-0.34925437
device,3773.5831074583343,0.5899082,1.6821567,-0.34936166
device,3773.5932166666676,0.58969676,1.6821842,-0.34947038
Gesamt_3Arm,3773.5962389166675,0.041832805,1.5640683,-0.6988909
device,3773.6031213750007,0.5894907,1.6822057,-0.34957534
device,3773.6131181666674,0.5892881,1.6822193,-0.3496743
device,3773.623417500001,0.5890806,1.6822221,-0.3497672
Gesamt_3Arm,3773.626677458334,0.041651726,1.5640638,-0.6989467
device,3773.633199083334,0.5888816,1.6822152,-0.34984455
device,3773.6431409583342,0.58867586,1.6821964,-0.3499127
device,3773.653280000001,0.58846676,1.68216,-0.34997052
Gesamt_3Arm,3773.6560622916677,0.04230678,1.5641415,-0.6987622
device,3773.663176000001,0.5882616,1.682101,-0.35001644
device,3773.6731376666676,0.588045,1.6820254,-0.35007656
device,3773.6832101250006,0.5878229,1.6819433,-0.35012496
Gesamt_3Arm,3773.686278333334,0.042133212,1.5641379,-0.69881535
device,3773.693148958334,0.5876001,1.6818558,-0.35016084
device,3773.7031406666674,0.587374,1.681759,-0.35018322
device,3773.713543208334,0.58714557,1.6816446,-0.35018954
device,3773.7231829166676,0.58692014,1.6815093,-0.3501749
Gesamt_3Arm,3773.7322689166676,0.04196185,1.5641346,-0.6988671
device,3773.7331380416676,0.5866976,1.6813501,-0.3501382
device,3773.743219250001,0.5864707,1.6811748,-0.3500743
Gesamt_3Arm,3773.746553125001,0.04179585,1.5641317,-0.69891715
device,3773.7531493750007,0.58624125,1.6809926,-0.34998733
device,3773.7631513750007,0.58600664,1.6808091,-0.34987184
device,3773.773329708334,0.585762,1.6806273,-0.3497243
Gesamt_3Arm,3773.7763729583344,0.041009605,1.5643357,-0.6996114
device,3773.783194833334,0.58551097,1.6804547,-0.34954712
device,3773.793152583334,0.5852486,1.6802886,-0.3493353
device,3773.8034032916676,0.58496577,1.680129,-0.34908295
Gesamt_3Arm,3773.8063795416674,0.040849984,1.5643336,-0.6996591
device,3773.8132066666676,0.5846786,1.6799908,-0.34880567
device,3773.823178125001,0.5843713,1.6798661,-0.3484882
device,3773.833315250001,0.5840392,1.6797563,-0.34812427
Gesamt_3Arm,3773.8362169583343,0.041116,1.5643559,-0.69948006
device,3773.8431766666677,0.5836996,1.6796763,-0.34773338
device,3773.8531190416675,0.58333635,1.679615,-0.3473035
device,3773.8631852916674,0.582952,1.6795744,-0.346838
Gesamt_3Arm,3773.866732500001,0.040961683,1.5643541,-0.6995263
device,3773.8731693333343,0.5825461,1.679556,-0.34634066
device,3773.883176375001,0.5821177,1.6795558,-0.34581447
device,3773.893178625001,0.58166593,1.6795677,-0.34526068
device,3773.903211458334,0.58118445,1.6795892,-0.34467527
Gesamt_3Arm,3773.903681208334,0.040670693,1.5644317,-0.70001626
device,3773.9131122916674,0.5806916,1.6796143,-0.3440838
device,3773.923580000001,0.5801601,1.6796415,-0.3434515
Gesamt_3Arm,3773.926526708334,0.040373445,1.5644504,-0.70016646
device,3773.933121583334,0.5796236,1.6796652,-0.3428328
device,3773.9431019166673,0.57904744,1.6796821,-0.34222078
device,3773.9531269166673,0.57844454,1.6796831,-0.34158882
Gesamt_3Arm,3773.9562152916674,0.04044479,1.5644066,-0.7004936
device,3773.963126875001,0.5778309,1.6796614,-0.34095025
device,3773.9730862083343,0.57719743,1.6796122,-0.34029067
device,3773.983177833334,0.5765417,1.6795361,-0.339608
Gesamt_3Arm,3773.9863946666674,0.040152192,1.5644279,-0.7006426
device,3773.993131875001,0.5758768,1.6794353,-0.33891714
device,3774.003098083334,0.57519054,1.6793162,-0.3382127
device,3774.0131826666675,0.574476,1.6791825,-0.3374995
Gesamt_3Arm,3774.0162289166674,0.039857507,1.5644503,-0.70079374
device,3774.0231387500007,0.57373303,1.67904,-0.33678603
device,3774.0330760416673,0.5729725,1.6788807,-0.3360554
device,3774.043166500001,0.5721823,1.6787078,-0.33529115
Gesamt_3Arm,3774.046465083334,0.03957063,1.5644739,-0.70094156
device,3774.053073833334,0.5713826,1.6785249,-0.33451355
device,3774.0630713750006,0.57056004,1.6783288,-0.3337092
device,3774.0731678750008,0.56970614,1.678119,-0.33287188
Gesamt_3Arm,3774.081917375001,0.038846314,1.5645157,-0.7014971
device,3774.083072125001,0.5688387,1.6778994,-0.3320173
device,3774.093111458334,0.56793714,1.6776658,-0.3311286
device,3774.1031616666673,0.5670042,1.6774291,-0.33020675
Gesamt_3Arm,3774.1064045000007,0.038504124,1.5645447,-0.70171666
device,3774.113245708334,0.56605077,1.6772037,-0.32925498
device,3774.1231483750007,0.56507146,1.6769793,-0.32828283
device,3774.1331770416673,0.5640451,1.6767509,-0.32726902
Gesamt_3Arm,3774.136337125001,0.038168907,1.564574,-0.7019329
device,3774.143336833334,0.56297755,1.6765174,-0.32621813
device,3774.153043208334,0.5618892,1.6762779,-0.32514894
device,3774.1631882083343,0.5607433,1.6760262,-0.32402724
Gesamt_3Arm,3774.166606875001,0.037581682,1.5646093,-0.70211196
device,3774.173110583334,0.55956984,1.675765,-0.32287878
device,3774.183168458334,0.5583459,1.6754873,-0.32168007
device,3774.1931251666674,0.55709374,1.6751964,-0.32045326
Gesamt_3Arm,3774.196328000001,0.037261307,1.5646389,-0.70232034
device,3774.203108458334,0.55578804,1.6748847,-0.31919265
device,3774.213099333334,0.5544394,1.674567,-0.31795347
device,3774.2230959166677,0.55304503,1.6742381,-0.3166694
Gesamt_3Arm,3774.2263559583344,0.03792441,1.5646422,-0.7017567
device,3774.233363750001,0.55159116,1.6739019,-0.31532872
device,3774.2430425416674,0.5501258,1.673582,-0.3139803
device,3774.2532634166673,0.54855937,1.6732671,-0.31254256
Gesamt_3Arm,3774.2624439166675,0.037596405,1.5646604,-0.70189404
device,3774.2630094166675,0.547006,1.6729854,-0.31112286
device,3774.2730541250007,0.54536074,1.6727142,-0.3096269
device,3774.283146625001,0.5436582,1.672452,-0.30807912
Gesamt_3Arm,3774.2861478333343,0.036319137,1.5647542,-0.7023685
device,3774.293054458334,0.5419315,1.6721897,-0.3065126
device,3774.3029737083343,0.5401454,1.6719283,-0.30488777
device,3774.3133239166673,0.53829527,1.6716645,-0.30319905
Gesamt_3Arm,3774.3160825833343,0.03686005,1.5647277,-0.7016723
device,3774.323291750001,0.5363809,1.6713972,-0.30145
device,3774.3332550416676,0.534435,1.6711304,-0.29967067
device,3774.3434821250007,0.53240126,1.6708528,-0.2978114
Gesamt_3Arm,3774.349102000001,0.035681427,1.564766,-0.7023761
device,3774.3530139166674,0.5303978,1.6705683,-0.29597554
device,3774.3630828333344,0.52827,1.6702499,-0.29401517
device,3774.3735412083342,0.5260972,1.6699039,-0.2920009
Gesamt_3Arm,3774.3763009166673,0.036550462,1.5647078,-0.7011199
device,3774.383004500001,0.5239557,1.6695623,-0.28999197
device,3774.392966375001,0.5217558,1.669231,-0.2878824
device,3774.4031115416674,0.51947814,1.6689093,-0.28570628
Gesamt_3Arm,3774.406715458334,0.035151005,1.5647602,-0.7017729
device,3774.413012375001,0.517182,1.668604,-0.28351367
device,3774.4229954583343,0.514833,1.6683186,-0.28126305
device,3774.433432625001,0.5124199,1.6680726,-0.27894574
Gesamt_3Arm,3774.4426721250006,0.036443293,1.5648487,-0.700202
device,3774.4430485416674,0.50997096,1.6678984,-0.27659738
device,3774.453009500001,0.5074718,1.6678123,-0.27420866
device,3774.463161083334,0.50491786,1.6678191,-0.27178428
Gesamt_3Arm,3774.4660964166674,0.03715694,1.5649287,-0.69929457
device,3774.473032125001,0.5023239,1.6679063,-0.2693361
device,3774.4830265416676,0.49970165,1.6680422,-0.26682985
device,3774.493040625001,0.49703002,1.6682191,-0.26428914
Gesamt_3Arm,3774.4964425416674,0.036410153,1.5650543,-0.69905496
device,3774.503036875001,0.49431515,1.6684198,-0.2617166
device,3774.5130002916676,0.4915684,1.6686301,-0.2591239
device,3774.5231566666675,0.48876205,1.6688405,-0.2564838
Gesamt_3Arm,3774.5266770000007,0.035782516,1.5650254,-0.6992619
device,3774.533396208334,0.48590246,1.6690468,-0.25380147
device,3774.543039625001,0.48310965,1.6692381,-0.2511872
device,3774.553210958334,0.48024032,1.6694231,-0.24850842
Gesamt_3Arm,3774.5559057916676,0.03734559,1.5649203,-0.6971829
device,3774.5633416666674,0.47735596,1.6695958,-0.24581528
device,3774.5730250416673,0.474534,1.6697558,-0.24319553
device,3774.583091000001,0.47164288,1.6699114,-0.24052727
Gesamt_3Arm,3774.5867281666674,0.037246466,1.5649418,-0.6968384
device,3774.593032208334,0.46878046,1.6700583,-0.23790018
device,3774.602983333334,0.46590918,1.6701975,-0.23527622
device,3774.6133360416675,0.4630011,1.6703362,-0.2326308
device,3774.6233055416674,0.4601381,1.6704705,-0.23003876
Gesamt_3Arm,3774.630986583334,0.037216187,1.5649258,-0.6964462
device,3774.633004208334,0.45732468,1.6706057,-0.22750044
device,3774.6431283750007,0.45447165,1.6707593,-0.22492588
Gesamt_3Arm,3774.6461567916676,0.0373407,1.5649375,-0.69628644
device,3774.653290458334,0.45166138,1.6709479,-0.22238097
device,3774.662959208334,0.44892564,1.6711706,-0.21992013
device,3774.6730759583343,0.4461608,1.6714377,-0.21745297
Gesamt_3Arm,3774.6761958750008,0.03831607,1.5649133,-0.6951356
device,3774.6830110416677,0.44345018,1.6717312,-0.21504696
device,3774.692963125001,0.44077533,1.6720409,-0.21268567
device,3774.7032537916675,0.4380658,1.6723716,-0.21030077
Gesamt_3Arm,3774.7064822916673,0.038549125,1.564945,-0.69488096
device,3774.713465875001,0.43545476,1.6727061,-0.20800841
device,3774.7229720833343,0.43296397,1.6730385,-0.20582914
device,3774.7331893750006,0.43046176,1.6733788,-0.20364292
Gesamt_3Arm,3774.7360972083343,0.038845718,1.5649968,-0.6941886
device,3774.7430165833343,0.4280017,1.6737088,-0.20149541
device,3774.752920208334,0.42561677,1.6740203,-0.19939443
device,3774.7630401666675,0.42326757,1.6743176,-0.19732296
Gesamt_3Arm,3774.766359500001,0.039009452,1.565023,-0.69394803
device,3774.772965625001,0.42098743,1.6745986,-0.19531628
device,3774.7829656666677,0.41874757,1.674871,-0.19335091
device,3774.793051875001,0.41654494,1.6751325,-0.19142687
Gesamt_3Arm,3774.8019985416677,0.03923458,1.5650544,-0.6928065
device,3774.8029364166673,0.41439894,1.6753721,-0.18956292
device,3774.8129519166673,0.41228908,1.6755862,-0.18773767
device,3774.8234624166676,0.41013056,1.6757879,-0.18588877
Gesamt_3Arm,3774.825888500001,0.039393067,1.5650611,-0.69211817
device,3774.833299375001,0.40818226,1.6759634,-0.1842595
device,3774.8429062916675,0.40624267,1.6761134,-0.18264616
device,3774.852979750001,0.4042983,1.6762329,-0.18103933
Gesamt_3Arm,3774.8560831666673,0.038935542,1.5651171,-0.6915765
device,3774.863065458334,0.40242267,1.6763138,-0.17949748
device,3774.873178333334,0.4005811,1.6763598,-0.17798862
device,3774.882999833334,0.39880577,1.6763811,-0.17654145
Gesamt_3Arm,3774.886670500001,0.039039552,1.5651149,-0.6909759
device,3774.892925583334,0.39707658,1.6763934,-0.17514467
device,3774.9029315000007,0.39538488,1.6764138,-0.17379749
device,3774.9130006250007,0.39371783,1.6764492,-0.17249545
Gesamt_3Arm,3774.915861500001,0.0380373,1.5652503,-0.6911042
device,3774.9230146250006,0.39207953,1.676505,-0.17125699
device,3774.9328994166676,0.39049459,1.6765705,-0.17007418
device,3774.943011250001,0.38893005,1.6766447,-0.16892071
Gesamt_3Arm,3774.9464425416677,0.037730873,1.5653201,-0.6909375
device,3774.9529239166677,0.38741118,1.6767277,-0.16781461
device,3774.962931458334,0.38593397,1.6768181,-0.16675186
device,3774.973002708334,0.38448307,1.6769103,-0.16571768
Gesamt_3Arm,3774.982482625001,0.037825167,1.5653375,-0.6903522
device,3774.983138708334,0.38308996,1.6769893,-0.16473076
device,3774.9929440833344,0.3817452,1.6770489,-0.16377997
device,3775.002972625001,0.3804344,1.6770836,-0.16285121
Gesamt_3Arm,3775.006008208334,0.037849307,1.565371,-0.6896312
device,3775.012967833334,0.37919483,1.6770923,-0.16196954
device,3775.0229338333343,0.37803409,1.6770769,-0.16113985
device,3775.0329868333342,0.37691543,1.6770455,-0.16034043
Gesamt_3Arm,3775.036003458334,0.03791946,1.5654316,-0.6890316
device,3775.042927500001,0.37584883,1.6770043,-0.1595759
device,3775.052903208334,0.37482753,1.676959,-0.15884519
device,3775.063086458334,0.3738419,1.6769116,-0.15814197
Gesamt_3Arm,3775.066192875001,0.037997484,1.5654385,-0.688828
device,3775.072951000001,0.37292624,1.6768669,-0.15748906
device,3775.0830157916675,0.37204504,1.6768273,-0.1568631
device,3775.092970208334,0.37119955,1.6767893,-0.15627265
Gesamt_3Arm,3775.0962057083343,0.038140953,1.5655553,-0.6881869
device,3775.1030467916676,0.37039638,1.6767464,-0.15573835
device,3775.112926625001,0.36964244,1.6767004,-0.15523887
device,3775.122997833334,0.36892736,1.676646,-0.15476835
Gesamt_3Arm,3775.1261889166676,0.038213313,1.565562,-0.68799806
device,3775.1329515000007,0.36826038,1.6765858,-0.15433657
device,3775.1429297916675,0.36763304,1.676518,-0.15394163
device,3775.1531189583343,0.36704034,1.6764369,-0.1535765
device,3775.1629845000007,0.36649555,1.6763387,-0.15324903
Gesamt_3Arm,3775.163655375001,0.03840071,1.5655271,-0.68805766
device,3775.172949208334,0.3659951,1.6762128,-0.15295121
device,3775.183013958334,0.36553282,1.6760608,-0.15267825
Gesamt_3Arm,3775.1861561250007,0.038191974,1.5654953,-0.6883216
device,3775.192956125001,0.36510414,1.6758943,-0.152444
device,3775.2029221666676,0.3647223,1.6757035,-0.15223515
device,3775.213172208334,0.36438835,1.675499,-0.15204772
Gesamt_3Arm,3775.2160936250007,0.03836733,1.5654633,-0.6883776
device,3775.222977958334,0.36410373,1.6752838,-0.15188551
device,3775.2332013333344,0.36386776,1.6750597,-0.15174425
device,3775.2430059166677,0.36368936,1.6748338,-0.15162238
Gesamt_3Arm,3775.2465252083343,0.038291037,1.5654186,-0.68861985
device,3775.252937500001,0.36356464,1.6746272,-0.15151341
device,3775.2629024583343,0.36349097,1.6744804,-0.15142532
device,3775.2729752916675,0.36346063,1.6744146,-0.15136345
Gesamt_3Arm,3775.276152083334,0.038455367,1.5653893,-0.68867207
device,3775.282936125001,0.36346972,1.6744405,-0.15132666
device,3775.292875875001,0.3635151,1.6745597,-0.1512986
device,3775.3029272916674,0.36359817,1.6747432,-0.15128899
Gesamt_3Arm,3775.3063800416676,0.03861475,1.5653613,-0.68872166
device,3775.3129193333343,0.36371452,1.674978,-0.1512936
device,3775.322908583334,0.36385995,1.6752492,-0.15130854
device,3775.3332396666674,0.3640327,1.6755486,-0.15133047
device,3775.3429276666675,0.3642205,1.6758469,-0.15135309
Gesamt_3Arm,3775.3432644166674,0.038680732,1.5654017,-0.688591
device,3775.3529364166675,0.36442718,1.6761526,-0.15137585
device,3775.362935833334,0.36464483,1.6764623,-0.15139937
Gesamt_3Arm,3775.365955583334,0.038736343,1.5654047,-0.6886449
device,3775.3729367083342,0.36487246,1.6767954,-0.15142322
device,3775.382887458334,0.36510217,1.6771312,-0.1514529
device,3775.392916458334,0.3653348,1.677471,-0.15148959
Gesamt_3Arm,3775.3962172916677,0.038789988,1.5654076,-0.68869615
device,3775.402904333334,0.36556822,1.6778127,-0.1515361
device,3775.412878000001,0.36580092,1.6781456,-0.1515925
device,3775.4230088333343,0.3660379,1.6784701,-0.15165874
Gesamt_3Arm,3775.426329958334,0.03838873,1.5650015,-0.68918276
device,3775.432955500001,0.3662768,1.678772,-0.1517291
device,3775.4429251666675,0.36652097,1.679048,-0.15179761
device,3775.4529205416675,0.36676744,1.6793007,-0.15186329
Gesamt_3Arm,3775.4558169166676,0.03843814,1.5650041,-0.68922997
device,3775.4628953750007,0.36698902,1.6795212,-0.15192199
device,3775.472863250001,0.3672082,1.6797205,-0.15197463
device,3775.482901958334,0.36742085,1.6798961,-0.15201807
Gesamt_3Arm,3775.4861025833343,0.038485944,1.5650069,-0.6892748
device,3775.492846000001,0.36762303,1.6800456,-0.15204859
device,3775.5029036666674,0.3678141,1.6801654,-0.15206473
device,3775.5129399166676,0.3679911,1.6802561,-0.15206432
device,3775.5228815833343,0.36815172,1.6803112,-0.15204725
Gesamt_3Arm,3775.5232038333343,0.038473308,1.5650365,-0.68926334
device,3775.5328526666676,0.36829722,1.6803353,-0.1520096
device,3775.542963083334,0.36843115,1.6803278,-0.1519506
Gesamt_3Arm,3775.546044625001,0.039033115,1.5646176,-0.6887679
device,3775.552892833334,0.3685549,1.6802841,-0.15187979
device,3775.5628589583343,0.3686683,1.6801856,-0.15180989
device,3775.5729636666674,0.3687675,1.6800759,-0.1517117
Gesamt_3Arm,3775.576602000001,0.039021313,1.5646448,-0.68875766
device,3775.582922583334,0.3688538,1.6799617,-0.15159008
device,3775.5928739166675,0.36892852,1.6798439,-0.15144129
device,3775.603120375001,0.3689916,1.6797221,-0.15126002
Gesamt_3Arm,3775.6065582083343,0.039009392,1.564671,-0.68874836
device,3775.6128801250006,0.36903813,1.6796111,-0.1510578
device,3775.6229225416673,0.3690678,1.6795075,-0.15082562
device,3775.632955125001,0.369071,1.6794214,-0.15056682
Gesamt_3Arm,3775.635984000001,0.03921491,1.5647244,-0.6891155
device,3775.642885750001,0.36903155,1.6793673,-0.15028787
device,3775.652842708334,0.36897284,1.679326,-0.1499821
device,3775.662894958334,0.36889166,1.6793027,-0.14964831
Gesamt_3Arm,3775.6663651666677,0.03920448,1.5647488,-0.68910694
device,3775.673124500001,0.36878836,1.679295,-0.14928862
device,3775.6828678750007,0.36866152,1.6793053,-0.14891088
device,3775.692960958334,0.36850604,1.679334,-0.1485006
device,3775.7028687916677,0.36831915,1.679384,-0.14808083
Gesamt_3Arm,3775.7033272500007,0.038760185,1.5649829,-0.69004107
device,3775.7128682916673,0.36808795,1.6794587,-0.14764285
device,3775.722854125001,0.36781275,1.6795541,-0.14718938
Gesamt_3Arm,3775.725880375001,0.03884071,1.5650165,-0.6899154
device,3775.732847458334,0.36749178,1.6796689,-0.14670932
device,3775.7428160416675,0.36712897,1.6797763,-0.1462202
device,3775.7529516250006,0.36671764,1.6798686,-0.14571726
Gesamt_3Arm,3775.7558608333343,0.03891939,1.565049,-0.6897929
device,3775.7628151666677,0.3662653,1.6799426,-0.14521432
device,3775.772801708334,0.3657628,1.6799971,-0.14470632
device,3775.7828586666674,0.3652115,1.6800226,-0.14419436
Gesamt_3Arm,3775.7862822916677,0.039040506,1.5648086,-0.6900742
device,3775.792842875001,0.36461896,1.6800128,-0.1436863
device,3775.8027795416674,0.36398304,1.6799653,-0.14317882
device,3775.812956458334,0.36330032,1.6798797,-0.14266872
Gesamt_3Arm,3775.8157268333343,0.039114058,1.5648389,-0.68996024
device,3775.8230991666674,0.36257774,1.679759,-0.14215434
device,3775.832764333334,0.36182767,1.6796167,-0.1416235
device,3775.842825625001,0.36102754,1.679453,-0.14108527
Gesamt_3Arm,3775.8458786666674,0.038874507,1.5648414,-0.69028187
device,3775.8527947916673,0.36019215,1.67927,-0.14054342
device,3775.862817750001,0.3593185,1.679064,-0.14000008
device,3775.873203750001,0.3583878,1.6788306,-0.13944404
device,3775.8829422916674,0.35744798,1.6785831,-0.13890254
device,3775.8928377916677,0.35647213,1.6783166,-0.13835558
Gesamt_3Arm,3775.8941674166676,0.039710283,1.5645295,-0.68943834
device,3775.902807708334,0.35545212,1.6780329,-0.13780057
Gesamt_3Arm,3775.9058124583344,0.039724052,1.5645616,-0.68927765
device,3775.9127582083343,0.35439423,1.6777451,-0.13725667
device,3775.9227244166673,0.35329506,1.6774408,-0.1366945
device,3775.9328162083343,0.3521499,1.6771182,-0.13610828
Gesamt_3Arm,3775.935917500001,0.039737344,1.564593,-0.6891215
device,3775.9427967916677,0.3509783,1.6767876,-0.13550723
device,3775.9527588750007,0.34976673,1.6764538,-0.13488173
device,3775.9628867083343,0.3484937,1.6761125,-0.13421834
Gesamt_3Arm,3775.966241208334,0.039749503,1.5646235,-0.6889703
device,3775.973106000001,0.3471947,1.6757753,-0.13353594
device,3775.982773708334,0.34587896,1.6754448,-0.13283658
device,3775.9928157916675,0.34449014,1.6751142,-0.13209815
Gesamt_3Arm,3775.995734125001,0.040385902,1.5647053,-0.687871
device,3776.0027754583343,0.34304333,1.6747931,-0.13134277
device,3776.012794208334,0.3415504,1.6744797,-0.13054693
device,3776.0227876666677,0.34002087,1.6741754,-0.1297162
Gesamt_3Arm,3776.0259731250007,0.04039806,1.5647341,-0.6877272
device,3776.0327642083344,0.338448,1.6738765,-0.12884688
device,3776.0427681666674,0.3368259,1.6735804,-0.1279347
device,3776.052959208334,0.335153,1.6732864,-0.12697954
Gesamt_3Arm,3776.0616862916677,0.03990668,1.5650029,-0.687824
device,3776.0627912916675,0.33344343,1.6729912,-0.12599011
device,3776.0727085416675,0.331685,1.6726912,-0.124959946
device,3776.082792625001,0.3298573,1.6723835,-0.12387967
Gesamt_3Arm,3776.085750333334,0.039979696,1.5649865,-0.6879301
device,3776.0927676250008,0.32797736,1.6720868,-0.122757755
device,3776.1027149166675,0.3260262,1.6718309,-0.1215961
device,3776.1128347916674,0.3239896,1.6715817,-0.1203913
Gesamt_3Arm,3776.115795708334,0.041008174,1.564909,-0.6863873
device,3776.1230328750007,0.3218788,1.6713415,-0.1191481
device,3776.1329887916677,0.3197231,1.6711079,-0.117886595
device,3776.1431095416674,0.31746644,1.6708727,-0.11657822
Gesamt_3Arm,3776.1465009166677,0.040506423,1.5649813,-0.6863084
device,3776.152856625001,0.31518883,1.6706426,-0.11527451
device,3776.163017750001,0.3127888,1.6704073,-0.113920145
device,3776.1731350416676,0.31033868,1.6701665,-0.11255419
Gesamt_3Arm,3776.1762704166676,0.04067552,1.5648855,-0.6853757
device,3776.1828050416675,0.30781806,1.6699088,-0.111177444
device,3776.192880833334,0.30519786,1.6696012,-0.10979361
device,3776.2030544166673,0.30248982,1.6692629,-0.10837527
Gesamt_3Arm,3776.206431875001,0.03894794,1.5648582,-0.688102
device,3776.2130292083343,0.2997278,1.6689038,-0.10693681
device,3776.222966625001,0.29689807,1.6685234,-0.1054796
device,3776.2328599166676,0.29396367,1.6681283,-0.103985906
device,3776.243003833334,0.2909848,1.6677411,-0.1024855
Gesamt_3Arm,3776.243504833334,0.040026903,1.5648353,-0.6847966
device,3776.252782000001,0.28794724,1.6673961,-0.10096955
device,3776.2628124166677,0.28480268,1.6671426,-0.09942722
Gesamt_3Arm,3776.265860708334,0.040174127,1.564804,-0.6840637
device,3776.272764208334,0.28162342,1.6670272,-0.09791148
device,3776.2828184166674,0.27835208,1.6670465,-0.09640491
device,3776.292762583334,0.27502382,1.6671634,-0.09492087
Gesamt_3Arm,3776.2969581666675,0.03897041,1.5648755,-0.68561244
device,3776.302778750001,0.27164567,1.6673236,-0.093446374
device,3776.3127841250007,0.2682305,1.6674933,-0.09196758
device,3776.3228161666675,0.26477534,1.6676718,-0.09048164
Gesamt_3Arm,3776.326526333334,0.04041934,1.5648186,-0.68212986
device,3776.332830500001,0.2613225,1.6678693,-0.08900869
device,3776.342783250001,0.25784302,1.6680992,-0.08753657
device,3776.352985125001,0.25435746,1.6683592,-0.08607507
Gesamt_3Arm,3776.3556359166673,0.04007256,1.5647848,-0.6814318
device,3776.362761250001,0.2508698,1.6686349,-0.08462834
device,3776.3727531666673,0.24740453,1.6688964,-0.08325323
device,3776.3827636250007,0.24393803,1.6691574,-0.08187711
Gesamt_3Arm,3776.3862201666675,0.039933205,1.564657,-0.6815429
device,3776.392690875001,0.24049495,1.6694213,-0.08050937
device,3776.4027114166674,0.2370429,1.6697,-0.07914686
device,3776.413064375001,0.2334739,1.6700091,-0.07775164
Gesamt_3Arm,3776.4219452916673,0.039495945,1.564574,-0.68085
device,3776.422644625001,0.23016965,1.6703184,-0.07647705
device,3776.4327605416674,0.2267177,1.6706595,-0.07516117
device,3776.4427228333343,0.22329366,1.6710091,-0.07387972
Gesamt_3Arm,3776.4458927916676,0.039303243,1.5645133,-0.6803994
device,3776.4527376250007,0.21989076,1.6713679,-0.072642274
device,3776.462758083334,0.21651639,1.6717261,-0.071423106
device,3776.472781500001,0.21314627,1.6720891,-0.07021558
Gesamt_3Arm,3776.475717625001,0.038834095,1.5642047,-0.68043184
device,3776.4827153750007,0.20983785,1.6724517,-0.069039226
device,3776.4926980416676,0.20654817,1.6728176,-0.06788119
device,3776.502796750001,0.20327921,1.67319,-0.066743664
Gesamt_3Arm,3776.506213333334,0.03863603,1.5641632,-0.6800215
device,3776.5127106250006,0.20008594,1.6735661,-0.06564617
device,3776.522697625001,0.19693494,1.6739521,-0.064581275
device,3776.5327590000006,0.19380736,1.6743541,-0.063544035
Gesamt_3Arm,3776.535782708334,0.037478864,1.5639789,-0.68235993
device,3776.542718500001,0.19075775,1.67476,-0.062562704
device,3776.5526862083343,0.18775876,1.6751568,-0.061605778
device,3776.562750125001,0.18480313,1.6755407,-0.060668588
Gesamt_3Arm,3776.5663310833343,0.037872553,1.5640726,-0.67937994
device,3776.572735750001,0.18191051,1.6758997,-0.059752345
device,3776.5826995000007,0.17907983,1.6762317,-0.05885768
device,3776.5928346250007,0.17627056,1.6765403,-0.05797478
device,3776.602751125001,0.17355222,1.676816,-0.05712092
Gesamt_3Arm,3776.6031615416673,0.03726232,1.5639602,-0.67967105
device,3776.6129145416676,0.17085713,1.6770619,-0.056278348
device,3776.6227328333343,0.16824949,1.6772798,-0.055468798
Gesamt_3Arm,3776.6258253750007,0.036881268,1.5640464,-0.67956614
device,3776.6327022916676,0.16568547,1.6774594,-0.054671884
device,3776.6426861666673,0.16322936,1.6775529,-0.05389091
device,3776.6527412916676,0.16081882,1.6776371,-0.053132176
Gesamt_3Arm,3776.655813625001,0.03594947,1.5640948,-0.68106866
device,3776.6627451666677,0.1584611,1.6777111,-0.052396774
device,3776.672672583334,0.15617895,1.6777683,-0.051688313
device,3776.6827678333343,0.15393358,1.677805,-0.05099213
Gesamt_3Arm,3776.6862148333344,0.035885096,1.5642537,-0.6794789
device,3776.692714333334,0.15177524,1.6778158,-0.050321102
device,3776.7027296666674,0.14967972,1.6777984,-0.049662948
device,3776.7127230416677,0.14763509,1.6777705,-0.049020834
Gesamt_3Arm,3776.7157588333343,0.03520447,1.5642955,-0.6794419
device,3776.722680333334,0.14567323,1.6777847,-0.04842111
device,3776.732655875001,0.14376956,1.6778089,-0.04784274
device,3776.742710125001,0.14191611,1.6778605,-0.047291245
Gesamt_3Arm,3776.7463208333343,0.03498739,1.5642502,-0.67942643
device,3776.7526839583343,0.14012426,1.67794,-0.046767473
device,3776.762646000001,0.1383897,1.6780413,-0.046267867
device,3776.7729424166673,0.13665754,1.6781578,-0.045767903
device,3776.782701708334,0.13506407,1.6782773,-0.045302033
Gesamt_3Arm,3776.7830824583343,0.034142077,1.5642831,-0.67927766
device,3776.7926819166673,0.13348693,1.6784151,-0.044834018
device,3776.802704500001,0.13194764,1.6785737,-0.044376493
Gesamt_3Arm,3776.8061283750008,0.033659995,1.5643327,-0.67932844
device,3776.812686625001,0.1304478,1.6787444,-0.043945193
device,3776.822650708334,0.12900257,1.6789314,-0.043522716
device,3776.832798125001,0.12758762,1.6791337,-0.043102264
Gesamt_3Arm,3776.8356571666677,0.032957733,1.5645106,-0.67917585
device,3776.8427027916673,0.12625724,1.6793392,-0.04269755
device,3776.8526299166674,0.124970615,1.6795543,-0.0423007
device,3776.8630434166676,0.12371308,1.6797774,-0.04190811
Gesamt_3Arm,3776.8685851666673,0.03294623,1.5644931,-0.6792097
device,3776.8726629166677,0.12252456,1.6800001,-0.041535616
device,3776.882656875001,0.12136937,1.6802212,-0.04117557
device,3776.892744500001,0.1202451,1.6804373,-0.040828586
Gesamt_3Arm,3776.895656208334,0.032209694,1.5647157,-0.67949796
device,3776.9026897500007,0.11917651,1.6806337,-0.040491104
device,3776.9129287916676,0.11813885,1.6808108,-0.04013121
device,3776.9226692083344,0.11715812,1.680969,-0.039810147
Gesamt_3Arm,3776.9256727083343,0.03178656,1.5646998,-0.6793666
device,3776.932641250001,0.11619842,1.6811168,-0.039516926
device,3776.942673458334,0.11526781,1.6812558,-0.039258838
device,3776.9526815416675,0.11437625,1.6813866,-0.039042115
Gesamt_3Arm,3776.9610559166676,0.031460345,1.5645475,-0.6791692
device,3776.9625984166673,0.11352152,1.6815023,-0.038865685
device,3776.972763750001,0.11269212,1.6816002,-0.038724303
device,3776.982640083334,0.1118905,1.6816729,-0.038628545
Gesamt_3Arm,3776.985822833334,0.031505287,1.5645205,-0.67904186
device,3776.992658708334,0.111074746,1.6817353,-0.03860092
device,3777.002603083334,0.110310555,1.6817582,-0.038594365
device,3777.012835458334,0.10959208,1.6817482,-0.038609147
Gesamt_3Arm,3777.015572375001,0.031186104,1.5643587,-0.678988
device,3777.0226602500006,0.108926535,1.6817169,-0.038645744
device,3777.0325968750008,0.10830909,1.681673,-0.038704395
device,3777.042798083334,0.107726574,1.6816106,-0.038784146
Gesamt_3Arm,3777.046154625001,0.031228721,1.5643332,-0.67886734
device,3777.052663250001,0.107205994,1.6815212,-0.038875666
device,3777.0626344583343,0.1067248,1.681399,-0.038974047
device,3777.072642750001,0.106286,1.6812577,-0.03907272
Gesamt_3Arm,3777.075619583334,0.030752301,1.5643457,-0.67894864
device,3777.0826478333342,0.10588545,1.6811173,-0.039175954
device,3777.092597375001,0.105526514,1.6809745,-0.03928205
device,3777.1026685416673,0.1052047,1.6808265,-0.039378643
Gesamt_3Arm,3777.106029125001,0.030792475,1.5643216,-0.6788342
device,3777.1126515833344,0.104923666,1.6806841,-0.03946197
device,3777.1225897500008,0.10467607,1.6805599,-0.039528847
device,3777.1327926666677,0.10445225,1.6804644,-0.03957832
Gesamt_3Arm,3777.1422444166674,0.030513048,1.5644222,-0.678643
device,3777.1426791666677,0.104259856,1.6804137,-0.03961059
device,3777.1526029583342,0.1040926,1.6804101,-0.03962481
device,3777.162679708334,0.10394549,1.6804557,-0.039617777
Gesamt_3Arm,3777.1656310000008,0.030541956,1.5643967,-0.67864394
device,3777.1726421666676,0.10381116,1.680553,-0.039598398
device,3777.1825745833344,0.10364283,1.6807203,-0.03959402
device,3777.1927153750007,0.10348678,1.6809254,-0.03957343
Gesamt_3Arm,3777.1956308333342,0.030286908,1.5648429,-0.6791146
device,3777.202628958334,0.10334594,1.6811529,-0.039536085
device,3777.2125743750007,0.10321587,1.6813954,-0.039483666
device,3777.222705625001,0.103090525,1.6816459,-0.039417744
Gesamt_3Arm,3777.226071000001,0.030314028,1.5648193,-0.6791167
device,3777.2326376250007,0.102963984,1.6818926,-0.03934169
device,3777.2426207916674,0.102832444,1.6821322,-0.03926071
device,3777.252619375001,0.10269184,1.6823512,-0.039172973
Gesamt_3Arm,3777.2555808750008,0.030340552,1.5647962,-0.6791172
device,3777.262617333334,0.102528214,1.6825391,-0.039067507
device,3777.2725739583343,0.102353044,1.6826862,-0.038958993
device,3777.2826753333343,0.10216445,1.6827936,-0.03884983
Gesamt_3Arm,3777.2857387500007,0.03036642,1.5647739,-0.6791179
device,3777.2925539166677,0.1019634,1.6828659,-0.038744092
device,3777.3026068333343,0.10174585,1.6829088,-0.03864154
device,3777.312729750001,0.101512074,1.6829221,-0.038538575
device,3777.322849333334,0.10126656,1.6828996,-0.03843212
Gesamt_3Arm,3777.3297085416675,0.030329347,1.5646164,-0.6796031
device,3777.3326215000006,0.10100955,1.6828477,-0.038323045
device,3777.3426276666673,0.10072738,1.6827796,-0.038211584
Gesamt_3Arm,3777.3457304166677,0.030351043,1.5645913,-0.67977524
device,3777.352605958334,0.10041362,1.6827035,-0.038102627
device,3777.3625693333342,0.10008931,1.6826253,-0.037993073
device,3777.3727111666676,0.09975606,1.6825483,-0.037883878
Gesamt_3Arm,3777.3757364166677,0.03037256,1.5645666,-0.679945
device,3777.3825984166674,0.09941668,1.6824726,-0.037771072
device,3777.3925626666673,0.09907097,1.6824006,-0.037654366
device,3777.4026995416675,0.098716676,1.6823351,-0.037532568
Gesamt_3Arm,3777.405867708334,0.030393898,1.5645424,-0.68011045
device,3777.4126093333343,0.09836221,1.6822762,-0.037407756
device,3777.4225707916676,0.09800345,1.682223,-0.03728044
device,3777.4327291250006,0.09763771,1.6821717,-0.037149906
Gesamt_3Arm,3777.4355731666674,0.030337632,1.5647838,-0.6805525
device,3777.4426109166675,0.09726077,1.682131,-0.03702891
device,3777.452538250001,0.09682805,1.6821202,-0.036940422
device,3777.4626027500008,0.09638776,1.6821018,-0.036847286
Gesamt_3Arm,3777.4659017500007,0.030358255,1.5647606,-0.68071246
device,3777.4725961666677,0.09595246,1.6820757,-0.036752786
device,3777.4826187916674,0.095522285,1.6820452,-0.036656857
device,3777.492730708334,0.09509457,1.6820083,-0.036560144
Gesamt_3Arm,3777.502203000001,0.030325353,1.5647384,-0.6807616
device,3777.5026064166673,0.09468126,1.6819639,-0.03646469
device,3777.5127369583342,0.09427435,1.6819128,-0.036368456
device,3777.5225651666674,0.093882866,1.6818584,-0.03628191
Gesamt_3Arm,3777.525514708334,0.030292988,1.5647167,-0.68081045
device,3777.5328659166676,0.093504384,1.6818086,-0.036220722
device,3777.542522333334,0.093145914,1.6817585,-0.036159363
device,3777.552664750001,0.092791975,1.6817036,-0.036096692
Gesamt_3Arm,3777.5561062916677,0.03031677,1.5647306,-0.6811807
device,3777.5628612916676,0.09245038,1.6816468,-0.036034107
device,3777.572871500001,0.09212798,1.6815922,-0.035971165
device,3777.582611458334,0.09182311,1.6815419,-0.035908546
Gesamt_3Arm,3777.586233708334,0.030286372,1.56471,-0.681226
device,3777.5931259166673,0.09152216,1.6814952,-0.03584361
device,3777.6028327916674,0.09125156,1.6814574,-0.035780635
device,3777.612915083334,0.09099054,1.6814271,-0.035713673
Gesamt_3Arm,3777.616029625001,0.030256629,1.56469,-0.6812711
device,3777.622817375001,0.09075029,1.6814004,-0.035646133
device,3777.632491958334,0.090548754,1.68138,-0.035588026
device,3777.642946708334,0.09035671,1.681365,-0.03552437
Gesamt_3Arm,3777.646137333334,0.030227542,1.5646703,-0.68131566
device,3777.6525401666677,0.09018821,1.6813552,-0.035460796
device,3777.662874125001,0.09003354,1.6813474,-0.035392966
device,3777.6729512083343,0.08989565,1.6813401,-0.03532166
device,3777.682856500001,0.089775324,1.6813284,-0.035248756
Gesamt_3Arm,3777.683387833334,0.030332446,1.5648379,-0.6817839
device,3777.6927931250007,0.08966794,1.681314,-0.035171527
device,3777.7027667916673,0.08957307,1.681301,-0.035091348
Gesamt_3Arm,3777.706055875001,0.030228853,1.5648623,-0.68243146
device,3777.7128010416677,0.08949143,1.6812958,-0.035011888
device,3777.7227567916675,0.089444876,1.6813211,-0.03495729
device,3777.7325392916673,0.0894121,1.6813504,-0.034902062
Gesamt_3Arm,3777.7355212500006,0.030253887,1.5648959,-0.6821234
device,3777.742830875001,0.089391835,1.6813802,-0.03484341
device,3777.7527765416676,0.08938468,1.6814054,-0.03478166
device,3777.762904500001,0.08938922,1.6814272,-0.034715466
Gesamt_3Arm,3777.766202458334,0.030257642,1.5649127,-0.6821368
device,3777.772890208334,0.089404345,1.6814463,-0.034647703
device,3777.7826032916673,0.0894292,1.6814636,-0.03457892
device,3777.7926251666677,0.08946186,1.6814787,-0.03450775
Gesamt_3Arm,3777.7956871250008,0.0300259,1.564897,-0.6822014
device,3777.8025362500007,0.089503646,1.6814928,-0.034435987
device,3777.812474875001,0.08955222,1.6815028,-0.034363627
device,3777.8227342916675,0.08960593,1.6815054,-0.034287214
Gesamt_3Arm,3777.8265362916677,0.030029058,1.5649129,-0.682215
device,3777.832798958334,0.0896613,1.681505,-0.034209013
device,3777.842786500001,0.08971737,1.6815063,-0.034128375
device,3777.852558333334,0.08977199,1.6815089,-0.03404626
Gesamt_3Arm,3777.8614990416677,0.030154765,1.564925,-0.681422
device,3777.862673000001,0.08982301,1.6815193,-0.033964038
device,3777.872505750001,0.089869864,1.6815275,-0.033878054
device,3777.882509125001,0.08991731,1.6815348,-0.03379115
Gesamt_3Arm,3777.885483833334,0.030172765,1.5649366,-0.68125844
device,3777.892713083334,0.089978755,1.68153,-0.033704996
device,3777.9026010000007,0.090034306,1.6815255,-0.033616543
device,3777.9127905833343,0.09008478,1.6815194,-0.03352291
Gesamt_3Arm,3777.915912125001,0.029646695,1.5650165,-0.6817124
device,3777.9225041250006,0.090129025,1.6815125,-0.03342804
device,3777.932457250001,0.09016806,1.681505,-0.033329487
device,3777.9428680416677,0.090201676,1.6814942,-0.033226013
Gesamt_3Arm,3777.9462982916675,0.029663205,1.5650278,-0.6815579
device,3777.9528887083343,0.090228975,1.6814798,-0.033123136
device,3777.962748375001,0.0902521,1.6814628,-0.03301859
device,3777.9729495416673,0.09027028,1.68144,-0.032910943
Gesamt_3Arm,3777.9764476666674,0.029679716,1.5650389,-0.681406
device,3777.982599833334,0.090281785,1.6814134,-0.03280294
device,3777.992775333334,0.09029061,1.6813812,-0.032691326
device,3778.0028216250007,0.090316065,1.6813309,-0.032593217
Gesamt_3Arm,3778.0068410416675,0.02969563,1.5650499,-0.68125844
device,3778.012776458334,0.090333045,1.6812779,-0.03249407
device,3778.0227719166674,0.09034139,1.6812198,-0.03238976
device,3778.032861708334,0.09033991,1.6811568,-0.0322791
device,3778.0430319583343,0.09032762,1.681092,-0.032162666
Gesamt_3Arm,3778.0453052916673,0.029238403,1.5651596,-0.68160033
device,3778.052773958334,0.09030765,1.6810267,-0.032042384
device,3778.062811208334,0.09028126,1.6809636,-0.03191679
Gesamt_3Arm,3778.0661687083343,0.029252052,1.5651901,-0.6815181
device,3778.072613875001,0.09024984,1.6809078,-0.03178358
device,3778.0824520833344,0.090218544,1.680867,-0.031638622
device,3778.092912750001,0.09018415,1.68083,-0.03148377
Gesamt_3Arm,3778.096101958334,0.029265642,1.5652199,-0.68143916
device,3778.1026399166676,0.090151556,1.6808003,-0.031330552
device,3778.112752250001,0.090120375,1.6807746,-0.031169772
device,3778.1228925416676,0.09009355,1.680753,-0.03100419
Gesamt_3Arm,3778.126582833334,0.029278874,1.5652492,-0.6813607
device,3778.132792750001,0.09007251,1.6807394,-0.030838609
device,3778.1429795416675,0.09005922,1.6807317,-0.030668736
device,3778.1528905416676,0.09005608,1.6807319,-0.030501299
Gesamt_3Arm,3778.1560732500006,0.029158413,1.5654681,-0.68157697
device,3778.162780708334,0.09006441,1.6807368,-0.030335426
device,3778.1727797916674,0.09008843,1.6807456,-0.030176044
device,3778.1825961666673,0.090122715,1.6807588,-0.030017786
Gesamt_3Arm,3778.1861678333344,0.02917087,1.5654963,-0.68150306
device,3778.192821208334,0.09016836,1.6807746,-0.029857993
device,3778.202732583334,0.09022397,1.6807957,-0.029702902
device,3778.212923125001,0.090290375,1.6808218,-0.0295504
device,3778.222801375001,0.09036601,1.6808518,-0.02940401
Gesamt_3Arm,3778.2315777916674,0.029203534,1.5655159,-0.6813214
device,3778.232727875001,0.090450585,1.6808834,-0.02926588
device,3778.243107875001,0.090548575,1.6809189,-0.02913034
Gesamt_3Arm,3778.2467576666677,0.029235542,1.5655351,-0.681144
device,3778.252793833334,0.09064858,1.6809512,-0.029012866
device,3778.262742375001,0.09075773,1.6809816,-0.028899789
device,3778.272787000001,0.09087318,1.6810074,-0.028814077
Gesamt_3Arm,3778.275830125001,0.029051065,1.5655125,-0.68173313
device,3778.2826086666673,0.09099656,1.681037,-0.028738976
device,3778.292687958334,0.09112579,1.6810707,-0.02867341
device,3778.3027561666677,0.09125598,1.6811081,-0.028621368
Gesamt_3Arm,3778.306644583334,0.029081643,1.565531,-0.68156314
device,3778.3127765416675,0.09138728,1.6811463,-0.028580513
device,3778.3229526666673,0.09152144,1.6811799,-0.028547287
device,3778.332852708334,0.09165162,1.6812098,-0.028521061
Gesamt_3Arm,3778.3358165833342,0.029111683,1.5655494,-0.6813953
device,3778.342753125001,0.09178275,1.6812356,-0.028505206
device,3778.352693333334,0.09191072,1.681261,-0.028511524
device,3778.362775250001,0.09203238,1.6812788,-0.028518286
Gesamt_3Arm,3778.366298833334,0.029141426,1.5655674,-0.68123055
device,3778.372686500001,0.09214598,1.6812918,-0.028530955
device,3778.382491625001,0.09224725,1.6813003,-0.028545618
device,3778.392935208334,0.09234005,1.6813047,-0.028564215
device,3778.402812083334,0.09242165,1.6813109,-0.028586268
Gesamt_3Arm,3778.4043894166675,0.02875489,1.5654523,-0.681658
device,3778.4127947083343,0.09249467,1.6813174,-0.028611422
device,3778.4228157916673,0.09256066,1.6813233,-0.028639402
Gesamt_3Arm,3778.426212375001,0.028693616,1.5654565,-0.6817124
device,3778.4327543333343,0.09262039,1.6813276,-0.028665952
device,3778.4430893333342,0.09267467,1.6813226,-0.028682232
device,3778.452755375001,0.092725396,1.6813188,-0.02870047
Gesamt_3Arm,3778.4557910416675,0.028634012,1.5654608,-0.68176556
device,3778.4627031250006,0.09277582,1.6813161,-0.028722405
device,3778.472744625001,0.09282398,1.681318,-0.028747916
device,3778.4827294583342,0.092868924,1.6813219,-0.02877736
Gesamt_3Arm,3778.487134000001,0.02857548,1.5654651,-0.681818
device,3778.496702083334,0.092925794,1.6813234,-0.028820362
device,3778.5026363750007,0.09294993,1.681324,-0.028841853
device,3778.5141202916675,0.09298873,1.6813248,-0.028880358
Gesamt_3Arm,3778.5152136666675,0.028273284,1.5654767,-0.68240833
device,3778.523086208334,0.09301537,1.6813296,-0.028913498
device,3778.533529083334,0.09305955,1.6813431,-0.028946843
device,3778.5441016250006,0.09309841,1.6813574,-0.028981771
Gesamt_3Arm,3778.5458707916673,0.028217256,1.5654808,-0.6824577
device,3778.553104958334,0.09312559,1.6813692,-0.029012766
device,3778.5628200833344,0.09314765,1.6813786,-0.02904611
device,3778.5745692916676,0.09316814,1.6813846,-0.029087543
device,3778.583292458334,0.0931775,1.6813877,-0.029119134
Gesamt_3Arm,3778.583674708334,0.02821821,1.5655061,-0.6825142
device,3778.593195958334,0.09318201,1.6813891,-0.029154725
device,3778.603813208334,0.09317589,1.6813908,-0.029197454
Gesamt_3Arm,3778.607937375001,0.0282197,1.5655307,-0.68256545
device,3778.6132817500006,0.09316152,1.681391,-0.029242158
device,3778.6250686666676,0.09313609,1.6813912,-0.02929943
